// Exported using Blender v3.6.9
// Export filename: 'C:/Program Files (x86)/Steam/steamapps/common/Call of Duty Black Ops III/xanim_export/t7_ba/weapons/wakamo/am_s2_type38_ads_down.XANIM_EXPORT'
// Source filename: 'C:/Users/hash/Documents/bo3_models/lmao/odio_mi_vida.blend'
// Export time: Mon Nov 04 00:06:32 2024

ANIMATION
VERSION 3

NUMPARTS 85
PART 0 "tag_view"
PART 1 "tag_ads"
PART 2 "tag_torso"
PART 3 "j_shoulder_le"
PART 4 "j_elbow_le"
PART 5 "j_elbow_bulge_le"
PART 6 "j_wrist_le"
PART 7 "j_indexbase_le"
PART 8 "j_index_le_1"
PART 9 "j_index_le_2"
PART 10 "j_index_le_3"
PART 11 "j_indexretract_le"
PART 12 "j_mid_le_1"
PART 13 "j_mid_le_2"
PART 14 "j_mid_le_3"
PART 15 "j_pinkybase_le"
PART 16 "j_pinky_le_1"
PART 17 "j_pinky_le_2"
PART 18 "j_pinky_le_3"
PART 19 "j_ringbase_le"
PART 20 "j_ring_le_1"
PART 21 "j_ring_le_2"
PART 22 "j_ring_le_3"
PART 23 "j_thumb_le_1"
PART 24 "j_thumb_le_2"
PART 25 "j_thumb_le_3"
PART 26 "j_wristtwist1_le"
PART 27 "j_wristtwist2_le"
PART 28 "j_wristtwist3_le"
PART 29 "j_wristtwist4_le"
PART 30 "j_wristtwist5_le"
PART 31 "j_wristtwist6_le"
PART 32 "j_wristtwist_le"
PART 33 "j_wristcrease2_le"
PART 34 "j_wristcrease_le"
PART 35 "j_shoulder_ri"
PART 36 "j_elbow_ri"
PART 37 "j_elbow_bulge_ri"
PART 38 "j_wrist_ri"
PART 39 "j_indexbase_ri"
PART 40 "j_index_ri_1"
PART 41 "j_index_ri_2"
PART 42 "j_index_ri_3"
PART 43 "j_indexretract_ri"
PART 44 "j_mid_ri_1"
PART 45 "j_mid_ri_2"
PART 46 "j_mid_ri_3"
PART 47 "j_pinkybase_ri"
PART 48 "j_pinky_ri_1"
PART 49 "j_pinky_ri_2"
PART 50 "j_pinky_ri_3"
PART 51 "j_ringbase_ri"
PART 52 "j_ring_ri_1"
PART 53 "j_ring_ri_2"
PART 54 "j_ring_ri_3"
PART 55 "j_thumb_ri_1"
PART 56 "j_thumb_ri_2"
PART 57 "j_thumb_ri_3"
PART 58 "j_wristtwist1_ri"
PART 59 "j_wristtwist2_ri"
PART 60 "j_wristtwist3_ri"
PART 61 "j_wristtwist4_ri"
PART 62 "j_wristtwist5_ri"
PART 63 "j_wristtwist6_ri"
PART 64 "j_wristtwist_ri"
PART 65 "j_wristcrease2_ri"
PART 66 "j_wristcrease_ri"
PART 67 "tag_weapon_left"
PART 68 "tag_weapon_right"
PART 69 "tag_weapon"
PART 70 "bolt"
PART 71 "tag_brass"
PART 72 "tag_clip"
PART 73 "tag_clip_base"
PART 74 "stripper"
PART 75 "tag_clip_bullet"
PART 76 "tag_clip_extmag"
PART 77 "tag_clip_extmag_bullet"
PART 78 "tag_flash"
PART 79 "tag_scope_ads_off"
PART 80 "tag_cambone"
PART 81 "tag_camera"
PART 82 "tag_fill_light"
PART 83 "tag_flashlight"
PART 84 "tag_gasmask"

FRAMERATE 30
NUMFRAMES 11
FRAME 0
PART 0
OFFSET -0.106364 -0.000001 59.999996
SCALE 1.000000 1.000000 1.000000
X 1.000000 0.000000 0.000000
Y 0.000000 1.000000 0.000000
Z 0.000000 0.000000 1.000000

PART 1
OFFSET -3.516568 8.127999 62.044189
SCALE 1.000000 1.000000 1.000000
X 0.999994 0.000000 -0.003479
Y 0.000000 1.000000 0.000000
Z 0.003479 0.000000 0.999994

PART 2
OFFSET -4.446149 8.127999 54.561161
SCALE 1.000000 1.000000 1.000000
X 0.999994 0.000000 -0.003479
Y 0.000000 1.000000 0.000000
Z 0.003479 0.000000 0.999994

PART 3
OFFSET -4.281979 15.853983 59.652744
SCALE 1.000000 1.000000 1.000000
X 0.176716 0.659767 -0.730397
Y -0.983048 0.155157 -0.097690
Z 0.048874 0.735278 0.676001

PART 4
OFFSET -2.256307 23.461548 51.227837
SCALE 1.000000 1.000000 1.000000
X 0.834625 0.294827 -0.465272
Y -0.542333 0.587544 -0.600555
Z 0.096307 0.753571 0.650274

PART 5
OFFSET -2.256307 23.461548 51.227837
SCALE 1.000000 1.000000 1.000000
X 0.834626 0.294827 -0.465271
Y -0.542333 0.587545 -0.600555
Z 0.096308 0.753571 0.650274

PART 6
OFFSET 6.958907 26.716196 46.090763
SCALE 1.000000 1.000000 1.000000
X 0.890959 0.365329 -0.269679
Y -0.453842 0.697059 -0.555100
Z -0.014812 0.616963 0.786852

PART 7
OFFSET 10.537165 27.357143 45.616695
SCALE 1.000000 1.000000 1.000000
X 0.890959 0.365329 -0.269680
Y -0.453843 0.697059 -0.555100
Z -0.014812 0.616963 0.786853

PART 8
OFFSET 10.537165 27.357143 45.616695
SCALE 1.000000 1.000000 1.000000
X 0.882841 0.028742 -0.468793
Y -0.350460 -0.624187 -0.698261
Z -0.312684 0.780746 -0.540985

PART 9
OFFSET 12.105768 27.412487 44.774136
SCALE 1.000000 1.000000 1.000000
X 0.598427 -0.288632 -0.747380
Y -0.739821 -0.557105 -0.377224
Z -0.307490 0.778669 -0.546923

PART 10
OFFSET 12.675066 27.137617 44.063721
SCALE 1.000000 1.000000 1.000000
X 0.152602 -0.527010 -0.836046
Y -0.939243 -0.340524 0.043215
Z -0.307468 0.778655 -0.546955

PART 11
OFFSET 10.537165 27.357143 45.616695
SCALE 1.000000 1.000000 1.000000
X 0.890959 0.365329 -0.269680
Y -0.453842 0.697059 -0.555100
Z -0.014812 0.616963 0.786853

PART 12
OFFSET 10.077514 27.999222 45.069344
SCALE 1.000000 1.000000 1.000000
X 0.790931 -0.045771 -0.610191
Y -0.400662 -0.792443 -0.459897
Z -0.462491 0.608227 -0.645107

PART 13
OFFSET 11.705586 27.921373 43.823917
SCALE 1.000000 1.000000 1.000000
X 0.018556 -0.615923 -0.787588
Y -0.882221 -0.380750 0.276975
Z -0.470470 0.689687 -0.550446

PART 14
OFFSET 11.743003 27.201160 42.907841
SCALE 1.000000 1.000000 1.000000
X -0.090499 -0.658216 -0.747369
Y -0.877765 -0.301797 0.372085
Z -0.470467 0.689688 -0.550447

PART 15
OFFSET 6.768260 27.855556 45.125061
SCALE 1.000000 1.000000 1.000000
X 0.767229 0.346928 -0.539445
Y -0.195536 -0.674515 -0.711896
Z -0.610840 0.651668 -0.449670

PART 16
OFFSET 8.754267 28.747734 43.736217
SCALE 1.000000 1.000000 1.000000
X 0.669177 -0.264740 -0.694345
Y -0.569380 -0.783085 -0.250167
Z -0.477502 0.562752 -0.674760

PART 17
OFFSET 9.609184 28.416864 42.819420
SCALE 1.000000 1.000000 1.000000
X 0.104513 -0.605443 -0.788996
Y -0.867108 -0.443985 0.225835
Z -0.487032 0.660542 -0.571387

PART 18
OFFSET 9.689278 27.958344 42.224491
SCALE 1.000000 1.000000 1.000000
X -0.568659 -0.736393 -0.366541
Y -0.662895 0.146425 0.734255
Z -0.487030 0.660519 -0.571417

PART 19
OFFSET 7.197603 27.378258 45.572521
SCALE 1.000000 1.000000 1.000000
X 0.813236 0.364556 -0.453592
Y -0.127892 -0.648436 -0.750449
Z -0.567706 0.668303 -0.480708

PART 20
OFFSET 9.456429 28.389174 44.336521
SCALE 1.000000 1.000000 1.000000
X 0.688679 -0.074652 -0.721213
Y -0.448632 -0.825289 -0.342969
Z -0.569606 0.559755 -0.601850

PART 21
OFFSET 10.589843 28.261890 43.157574
SCALE 1.000000 1.000000 1.000000
X 0.266597 -0.633803 -0.726099
Y -0.785709 -0.579239 0.217128
Z -0.558201 0.512616 -0.652408

PART 22
OFFSET 10.874699 27.587513 42.373749
SCALE 1.000000 1.000000 1.000000
X -0.212652 -0.848452 -0.484673
Y -0.801988 -0.131809 0.582616
Z -0.558206 0.512596 -0.652419

PART 23
OFFSET 7.886350 26.494427 46.068951
SCALE 1.000000 1.000000 1.000000
X 0.612605 -0.771631 -0.171175
Y 0.215829 0.371651 -0.902936
Z 0.760351 0.516199 0.394215

PART 24
OFFSET 9.274785 24.747574 45.678326
SCALE 1.000000 1.000000 1.000000
X 0.652181 -0.519823 -0.551763
Y -0.078779 0.677444 -0.731344
Z 0.753958 0.520436 0.400865

PART 25
OFFSET 10.100615 24.089560 44.980370
SCALE 1.000000 1.000000 1.000000
X 0.613773 -0.340567 -0.712248
Y -0.234160 0.783044 -0.576204
Z 0.753958 0.520438 0.400864

PART 26
OFFSET 3.881520 25.629593 47.805481
SCALE 1.000000 1.000000 1.000000
X 0.834625 0.294827 -0.465272
Y -0.542333 0.587544 -0.600555
Z 0.096307 0.753571 0.650274

PART 27
OFFSET 2.858552 25.268251 48.375877
SCALE 1.000000 1.000000 1.000000
X 0.834625 0.294827 -0.465272
Y -0.542333 0.587544 -0.600555
Z 0.096307 0.753571 0.650273

PART 28
OFFSET 1.835579 24.906910 48.946270
SCALE 1.000000 1.000000 1.000000
X 0.834625 0.294827 -0.465272
Y -0.542333 0.587544 -0.600555
Z 0.096307 0.753571 0.650274

PART 29
OFFSET 0.812607 24.545570 49.516666
SCALE 1.000000 1.000000 1.000000
X 0.834625 0.294827 -0.465271
Y -0.542333 0.587544 -0.600555
Z 0.096307 0.753571 0.650274

PART 30
OFFSET -0.210365 24.184227 50.087055
SCALE 1.000000 1.000000 1.000000
X 0.834626 0.294827 -0.465271
Y -0.542333 0.587544 -0.600555
Z 0.096307 0.753571 0.650274

PART 31
OFFSET -1.233334 23.822889 50.657448
SCALE 1.000000 1.000000 1.000000
X 0.834626 0.294827 -0.465271
Y -0.542333 0.587545 -0.600555
Z 0.096308 0.753571 0.650274

PART 32
OFFSET 5.888206 26.338425 46.686699
SCALE 1.000000 1.000000 1.000000
X 0.834626 0.294827 -0.465271
Y -0.542333 0.587544 -0.600556
Z 0.096307 0.753571 0.650274

PART 33
OFFSET 5.888207 26.338425 46.686699
SCALE 1.000000 1.000000 1.000000
X 0.834626 0.294827 -0.465271
Y -0.542333 0.587544 -0.600555
Z 0.096307 0.753571 0.650274

PART 34
OFFSET 5.888207 26.338425 46.686699
SCALE 1.000000 1.000000 1.000000
X 0.834626 0.294827 -0.465271
Y -0.542333 0.587544 -0.600555
Z 0.096307 0.753571 0.650274

PART 35
OFFSET -4.281893 0.402072 59.652554
SCALE 1.000000 1.000000 1.000000
X -0.176714 0.659750 0.730412
Y 0.983048 0.155157 0.097690
Z -0.048878 0.735293 -0.675985

PART 36
OFFSET -2.231895 -7.205213 51.233295
SCALE 1.000000 1.000000 1.000000
X -0.834615 0.294848 0.465277
Y 0.542455 0.586717 0.601253
Z -0.095708 0.754207 -0.649625

PART 37
OFFSET -2.231895 -7.205214 51.233295
SCALE 1.000000 1.000000 1.000000
X -0.834615 0.294847 0.465276
Y 0.542455 0.586717 0.601253
Z -0.095708 0.754207 -0.649625

PART 38
OFFSET 6.982589 -10.460971 46.096401
SCALE 1.000000 1.000000 1.000000
X -0.890861 0.365542 0.269714
Y 0.454015 0.696323 0.555883
Z 0.015391 0.617668 -0.786288

PART 39
OFFSET 10.533066 -11.090310 45.611526
SCALE 1.000000 1.000000 1.000000
X -0.968780 0.122920 0.215303
Y 0.220042 0.826409 0.518295
Z -0.114219 0.549490 -0.827656

PART 40
OFFSET 10.533066 -11.090310 45.611526
SCALE 1.000000 1.000000 1.000000
X -0.875044 0.024407 0.483427
Y 0.368775 -0.613297 0.698478
Z 0.313532 0.789475 0.527662

PART 41
OFFSET 12.093502 -11.132339 44.744949
SCALE 1.000000 1.000000 1.000000
X -0.616833 -0.275953 0.737134
Y 0.727744 -0.556723 0.400561
Z 0.299844 0.783524 0.544228

PART 42
OFFSET 12.681373 -10.871865 44.047520
SCALE 1.000000 1.000000 1.000000
X -0.125812 -0.533017 0.836699
Y 0.945657 -0.319347 -0.061243
Z 0.299841 0.783525 0.544229

PART 43
OFFSET 10.533066 -11.090310 45.611526
SCALE 1.000000 1.000000 1.000000
X -0.968780 0.122920 0.215303
Y 0.220042 0.826409 0.518295
Z -0.114219 0.549490 -0.827656

PART 44
OFFSET 10.079451 -11.741845 45.069241
SCALE 1.000000 1.000000 1.000000
X -0.758686 -0.057586 0.648906
Y 0.430908 -0.791410 0.433576
Z 0.488583 0.608567 0.625246

PART 45
OFFSET 11.636880 -11.643804 43.745735
SCALE 1.000000 1.000000 1.000000
X -0.077888 -0.626046 0.775887
Y 0.866213 -0.427785 -0.258215
Z 0.493567 0.651971 0.575608

PART 46
OFFSET 11.712198 -10.901023 42.843479
SCALE 1.000000 1.000000 1.000000
X 0.029773 -0.674120 0.738022
Y 0.869202 -0.347120 -0.352130
Z 0.493560 0.651974 0.575612

PART 47
OFFSET 6.768675 -11.598746 45.125980
SCALE 1.000000 1.000000 1.000000
X 0.760699 -0.402014 -0.509631
Y -0.642957 -0.358846 -0.676636
Z 0.089139 0.842387 -0.531451

PART 48
OFFSET 8.754481 -12.491315 43.736645
SCALE 1.000000 1.000000 1.000000
X -0.623266 -0.205792 0.754448
Y 0.510698 -0.837728 0.193391
Z 0.592223 0.505829 0.627224

PART 49
OFFSET 9.565259 -12.209878 42.750092
SCALE 1.000000 1.000000 1.000000
X -0.101678 -0.680739 0.725437
Y 0.825680 -0.464498 -0.320151
Z 0.554903 0.566426 0.609300

PART 50
OFFSET 9.633602 -11.687499 42.204128
SCALE 1.000000 1.000000 1.000000
X 0.428078 -0.822414 0.374680
Y 0.713328 0.052920 -0.698832
Z 0.554901 0.566424 0.609303

PART 51
OFFSET 7.198353 -11.123990 45.571037
SCALE 1.000000 1.000000 1.000000
X 0.818667 -0.368723 -0.440262
Y -0.571890 -0.453721 -0.683432
Z 0.052246 0.811285 -0.582318

PART 52
OFFSET 9.462134 -12.134227 44.338684
SCALE 1.000000 1.000000 1.000000
X -0.695260 -0.065829 0.715743
Y 0.405530 -0.858089 0.315009
Z 0.593433 0.509267 0.623286

PART 53
OFFSET 10.599673 -12.035052 43.162971
SCALE 1.000000 1.000000 1.000000
X -0.265399 -0.634552 0.725891
Y 0.765148 -0.596699 -0.241868
Z 0.586614 0.491221 0.643884

PART 54
OFFSET 10.865443 -11.344232 42.393375
SCALE 1.000000 1.000000 1.000000
X 0.230527 -0.829030 0.509482
Y 0.785299 -0.150670 -0.600507
Z 0.574601 0.538528 0.616298

PART 55
OFFSET 7.910092 -10.239480 46.075230
SCALE 1.000000 1.000000 1.000000
X -0.613068 -0.771464 0.170267
Y -0.215953 0.370955 0.903193
Z -0.759942 0.516949 -0.394020

PART 56
OFFSET 9.298169 -8.490781 45.692348
SCALE 1.000000 1.000000 1.000000
X -0.652637 -0.519963 0.551094
Y 0.078905 0.676755 0.731968
Z -0.753552 0.521193 -0.400647

PART 57
OFFSET 10.124178 -7.832676 44.994198
SCALE 1.000000 1.000000 1.000000
X -0.614191 -0.340892 0.711732
Y 0.234375 0.782399 0.576993
Z -0.753550 0.521196 -0.400646

PART 58
OFFSET 4.561259 -9.605639 47.446430
SCALE 1.000000 1.000000 1.000000
X -0.834615 0.294848 0.465277
Y 0.542455 0.586717 0.601254
Z -0.095707 0.754207 -0.649624

PART 59
OFFSET 3.210115 -9.128220 48.199631
SCALE 1.000000 1.000000 1.000000
X -0.834615 0.294848 0.465277
Y 0.542456 0.586717 0.601253
Z -0.095707 0.754207 -0.649624

PART 60
OFFSET 1.858734 -8.650713 48.952961
SCALE 1.000000 1.000000 1.000000
X -0.834615 0.294847 0.465276
Y 0.542455 0.586717 0.601254
Z -0.095707 0.754207 -0.649624

PART 61
OFFSET 0.836076 -8.289339 49.523045
SCALE 1.000000 1.000000 1.000000
X -0.834615 0.294848 0.465277
Y 0.542455 0.586717 0.601253
Z -0.095708 0.754207 -0.649625

PART 62
OFFSET -0.186580 -7.927961 50.093132
SCALE 1.000000 1.000000 1.000000
X -0.834615 0.294847 0.465276
Y 0.542455 0.586717 0.601253
Z -0.095708 0.754207 -0.649625

PART 63
OFFSET -1.209236 -7.566587 50.663212
SCALE 1.000000 1.000000 1.000000
X -0.834615 0.294847 0.465276
Y 0.542455 0.586718 0.601253
Z -0.095708 0.754207 -0.649625

PART 64
OFFSET 5.912403 -10.083059 46.693230
SCALE 1.000000 1.000000 1.000000
X -0.834616 0.294847 0.465276
Y 0.542454 0.586717 0.601254
Z -0.095707 0.754207 -0.649625

PART 65
OFFSET 5.912402 -10.083059 46.693230
SCALE 1.000000 1.000000 1.000000
X -0.834615 0.294848 0.465276
Y 0.542455 0.586717 0.601254
Z -0.095707 0.754207 -0.649624

PART 66
OFFSET 5.912402 -10.083059 46.693230
SCALE 1.000000 1.000000 1.000000
X -0.834615 0.294848 0.465276
Y 0.542455 0.586717 0.601254
Z -0.095707 0.754207 -0.649624

PART 67
OFFSET 9.741760 8.128000 54.653633
SCALE 1.000000 1.000000 1.000000
X 0.999994 0.000000 -0.003479
Y 0.000000 1.000000 0.000000
Z 0.003479 0.000000 0.999994

PART 68
OFFSET 9.741760 8.128000 54.653633
SCALE 1.000000 1.000000 1.000000
X 0.999994 0.000000 -0.003479
Y 0.000000 1.000000 0.000000
Z 0.003479 0.000000 0.999994

PART 69
OFFSET 9.741760 8.128000 54.653633
SCALE 1.000000 1.000000 1.000000
X 0.999994 0.000000 -0.003479
Y 0.000000 1.000000 0.000000
Z 0.003479 0.000000 0.999994

PART 70
OFFSET 9.664312 8.128000 59.169064
SCALE 1.000000 1.000000 1.000000
X 0.000000 -1.000000 0.000000
Y 0.999994 0.000000 -0.003479
Z 0.003479 0.000000 0.999994

PART 71
OFFSET 13.709123 8.128000 57.629936
SCALE 1.000000 1.000000 1.000000
X 0.001995 -0.819156 0.573567
Y 0.999994 0.000000 -0.003479
Z 0.002850 0.573571 0.819151

PART 72
OFFSET 11.432751 8.128000 58.213051
SCALE 1.000000 1.000000 1.000000
X 0.999994 0.000000 -0.003479
Y 0.000000 1.000000 0.000000
Z 0.003479 0.000000 0.999994

PART 73
OFFSET 11.432751 8.128000 58.213051
SCALE 1.000000 1.000000 1.000000
X 0.999994 0.000000 -0.003479
Y 0.000000 1.000000 0.000000
Z 0.003479 0.000000 0.999994

PART 74
OFFSET 11.433089 8.128000 58.310360
SCALE 1.000000 1.000000 1.000000
X 0.999994 0.000000 -0.003479
Y 0.000000 1.000000 0.000000
Z 0.003479 0.000000 0.999994

PART 75
OFFSET 11.436686 8.128000 59.344067
SCALE 1.000000 1.000000 1.000000
X 0.999994 0.000000 -0.003479
Y 0.000000 1.000000 0.000000
Z 0.003479 0.000000 0.999994

PART 76
OFFSET 11.432751 8.128000 58.213051
SCALE 1.000000 1.000000 1.000000
X 0.999994 0.000000 -0.003479
Y 0.000000 1.000000 0.000000
Z 0.003479 0.000000 0.999994

PART 77
OFFSET 11.436686 8.128000 59.344067
SCALE 1.000000 1.000000 1.000000
X 0.999994 0.000000 -0.003479
Y 0.000000 1.000000 0.000000
Z 0.003479 0.000000 0.999994

PART 78
OFFSET 45.709610 8.128000 59.054729
SCALE 1.000000 1.000000 1.000000
X 0.999994 0.000000 -0.003479
Y 0.000000 1.000000 0.000000
Z 0.003479 0.000000 0.999994

PART 79
OFFSET 14.345589 8.607377 59.010712
SCALE 1.000000 1.000000 1.000000
X 0.999994 0.000000 -0.003479
Y 0.000000 1.000000 0.000000
Z 0.003479 0.000000 0.999994

PART 80
OFFSET -0.106364 -0.000001 59.999996
SCALE 1.000000 1.000000 1.000000
X 1.000000 0.000000 0.000000
Y 0.000000 1.000000 0.000000
Z 0.000000 0.000000 1.000000

PART 81
OFFSET -0.106364 -0.000001 59.999996
SCALE 1.000000 1.000000 1.000000
X 1.000000 0.000000 0.000000
Y 0.000000 1.000000 0.000000
Z 0.000000 0.000000 1.000000

PART 82
OFFSET -4.738254 -0.000001 58.623222
SCALE 1.000000 1.000000 1.000000
X 1.000000 0.000000 0.000000
Y 0.000000 1.000000 0.000000
Z 0.000000 0.000000 1.000000

PART 83
OFFSET 1.434187 -0.000001 64.135818
SCALE 1.000000 1.000000 1.000000
X 1.000000 0.000000 0.000000
Y 0.000000 1.000000 0.000000
Z 0.000000 0.000000 1.000000

PART 84
OFFSET 1.434187 -0.000001 64.135818
SCALE 1.000000 1.000000 1.000000
X 1.000000 0.000000 0.000000
Y 0.000000 1.000000 0.000000
Z 0.000000 0.000000 1.000000

FRAME 1
PART 0
OFFSET -0.106364 -0.000001 59.999996
SCALE 1.000000 1.000000 1.000000
X 1.000000 0.000000 0.000000
Y 0.000000 1.000000 0.000000
Z 0.000000 0.000000 1.000000

PART 1
OFFSET -2.973016 7.522384 62.028156
SCALE 1.000000 1.000000 1.000000
X 0.999959 0.005188 -0.007423
Y -0.004942 0.999446 0.032911
Z 0.007589 -0.032873 0.999431

PART 2
OFFSET -3.933337 7.763790 54.552906
SCALE 1.000000 1.000000 1.000000
X 0.999959 0.005188 -0.007423
Y -0.004942 0.999446 0.032911
Z 0.007589 -0.032873 0.999431

PART 3
OFFSET -3.786419 15.318861 59.895313
SCALE 1.000000 1.000000 1.000000
X 0.170449 0.684321 -0.708979
Y -0.984196 0.153296 -0.088651
Z 0.048018 0.712885 0.699635

PART 4
OFFSET -1.833012 23.209591 51.717415
SCALE 1.000000 1.000000 1.000000
X 0.831239 0.314202 -0.458606
Y -0.547694 0.604219 -0.578749
Z 0.095255 0.732254 0.674337

PART 5
OFFSET -1.833012 23.209591 51.717415
SCALE 1.000000 1.000000 1.000000
X 0.831239 0.314202 -0.458606
Y -0.547694 0.604220 -0.578748
Z 0.095255 0.732254 0.674337

PART 6
OFFSET 7.344813 26.678156 46.653919
SCALE 1.000000 1.000000 1.000000
X 0.888027 0.378517 -0.261023
Y -0.459559 0.712628 -0.530064
Z -0.014626 0.590666 0.806783

PART 7
OFFSET 10.917881 27.352497 46.187088
SCALE 1.000000 1.000000 1.000000
X 0.888027 0.378518 -0.261023
Y -0.459559 0.712628 -0.530063
Z -0.014626 0.590666 0.806783

PART 8
OFFSET 10.917881 27.352497 46.187088
SCALE 1.000000 1.000000 1.000000
X 0.880753 0.048624 -0.471073
Y -0.350238 -0.602653 -0.717037
Z -0.318759 0.796521 -0.513758

PART 9
OFFSET 12.482716 27.443481 45.340626
SCALE 1.000000 1.000000 1.000000
X 0.596769 -0.260854 -0.758830
Y -0.738604 -0.548144 -0.392433
Z -0.313580 0.794666 -0.519783

PART 10
OFFSET 13.050440 27.195019 44.619308
SCALE 1.000000 1.000000 1.000000
X 0.151766 -0.498446 -0.853533
Y -0.937363 -0.346522 0.035690
Z -0.313558 0.794653 -0.519815

PART 11
OFFSET 10.917881 27.352497 46.187088
SCALE 1.000000 1.000000 1.000000
X 0.888027 0.378517 -0.261023
Y -0.459559 0.712628 -0.530063
Z -0.014626 0.590666 0.806783

PART 12
OFFSET 10.452817 28.009890 45.662983
SCALE 1.000000 1.000000 1.000000
X 0.788633 -0.021663 -0.614482
Y -0.398628 -0.778910 -0.484143
Z -0.468139 0.626761 -0.622910

PART 13
OFFSET 12.076122 27.981308 44.409256
SCALE 1.000000 1.000000 1.000000
X 0.018362 -0.589584 -0.807499
Y -0.879183 -0.394126 0.267773
Z -0.476131 0.705022 -0.525589

PART 14
OFFSET 12.113332 27.291815 43.469833
SCALE 1.000000 1.000000 1.000000
X -0.090317 -0.633730 -0.768264
Y -0.874726 -0.318322 0.365412
Z -0.476128 0.705023 -0.525590

PART 15
OFFSET 7.144570 27.847681 45.726997
SCALE 1.000000 1.000000 1.000000
X 0.763281 0.368371 -0.530758
Y -0.195125 -0.651718 -0.732932
Z -0.615896 0.662998 -0.425566

PART 16
OFFSET 9.120419 28.795122 44.360443
SCALE 1.000000 1.000000 1.000000
X 0.667618 -0.238360 -0.705316
Y -0.566527 -0.777313 -0.273556
Z -0.483046 0.582211 -0.653985

PART 17
OFFSET 9.973185 28.498928 43.429886
SCALE 1.000000 1.000000 1.000000
X 0.104260 -0.578627 -0.808901
Y -0.863968 -0.455566 0.214520
Z -0.492635 0.676499 -0.547412

PART 18
OFFSET 10.053097 28.060635 42.819878
SCALE 1.000000 1.000000 1.000000
X -0.566515 -0.726815 -0.388331
Y -0.660586 0.118830 0.741286
Z -0.492632 0.676476 -0.547443

PART 19
OFFSET 7.578102 27.358107 46.156811
SCALE 1.000000 1.000000 1.000000
X 0.809554 0.383400 -0.444554
Y -0.127770 -0.624043 -0.770873
Z -0.572973 0.680863 -0.456210

PART 20
OFFSET 9.826805 28.420576 44.945847
SCALE 1.000000 1.000000 1.000000
X 0.686069 -0.047395 -0.725991
Y -0.445954 -0.815828 -0.368171
Z -0.574834 0.576350 -0.580850

PART 21
OFFSET 10.955978 28.337891 43.758884
SCALE 1.000000 1.000000 1.000000
X 0.266739 -0.608218 -0.747611
Y -0.781938 -0.590047 0.201045
Z -0.563404 0.530958 -0.632976

PART 22
OFFSET 11.240939 27.691113 42.952171
SCALE 1.000000 1.000000 1.000000
X -0.210447 -0.833120 -0.511491
Y -0.798926 -0.154968 0.581122
Z -0.563409 0.530939 -0.632988

PART 23
OFFSET 8.273244 26.461933 46.621162
SCALE 1.000000 1.000000 1.000000
X 0.615702 -0.762465 -0.198893
Y 0.210276 0.402239 -0.891060
Z 0.759405 0.506805 0.407987

PART 24
OFFSET 9.668677 24.735941 46.167786
SCALE 1.000000 1.000000 1.000000
X 0.652469 -0.498078 -0.571141
Y -0.085131 0.700723 -0.708336
Z 0.753019 0.510789 0.414798

PART 25
OFFSET 10.494873 24.105438 45.445297
SCALE 1.000000 1.000000 1.000000
X 0.612515 -0.313838 -0.725487
Y -0.240393 0.800374 -0.549193
Z 0.753018 0.510791 0.414797

PART 26
OFFSET 4.279907 25.520142 48.344074
SCALE 1.000000 1.000000 1.000000
X 0.831239 0.314202 -0.458606
Y -0.547694 0.604219 -0.578749
Z 0.095255 0.732254 0.674337

PART 27
OFFSET 3.261090 25.135050 48.906303
SCALE 1.000000 1.000000 1.000000
X 0.831239 0.314202 -0.458606
Y -0.547694 0.604219 -0.578749
Z 0.095255 0.732254 0.674337

PART 28
OFFSET 2.242269 24.749958 49.468525
SCALE 1.000000 1.000000 1.000000
X 0.831239 0.314202 -0.458606
Y -0.547694 0.604219 -0.578749
Z 0.095255 0.732254 0.674337

PART 29
OFFSET 1.223448 24.364866 50.030750
SCALE 1.000000 1.000000 1.000000
X 0.831239 0.314202 -0.458606
Y -0.547694 0.604219 -0.578749
Z 0.095255 0.732254 0.674337

PART 30
OFFSET 0.204628 23.979773 50.592972
SCALE 1.000000 1.000000 1.000000
X 0.831239 0.314202 -0.458606
Y -0.547694 0.604219 -0.578749
Z 0.095255 0.732254 0.674337

PART 31
OFFSET -0.814190 23.594683 51.155197
SCALE 1.000000 1.000000 1.000000
X 0.831239 0.314202 -0.458606
Y -0.547694 0.604220 -0.578749
Z 0.095255 0.732254 0.674337

PART 32
OFFSET 6.278451 26.275562 47.241318
SCALE 1.000000 1.000000 1.000000
X 0.831239 0.314201 -0.458605
Y -0.547693 0.604220 -0.578749
Z 0.095255 0.732254 0.674337

PART 33
OFFSET 6.278451 26.275562 47.241318
SCALE 1.000000 1.000000 1.000000
X 0.831239 0.314202 -0.458606
Y -0.547694 0.604219 -0.578749
Z 0.095255 0.732254 0.674337

PART 34
OFFSET 6.278451 26.275562 47.241318
SCALE 1.000000 1.000000 1.000000
X 0.831239 0.314202 -0.458606
Y -0.547694 0.604219 -0.578749
Z 0.095255 0.732254 0.674337

PART 35
OFFSET -3.709978 -0.124484 59.386585
SCALE 1.000000 1.000000 1.000000
X -0.176969 0.634464 0.752421
Y 0.982662 0.156846 0.098864
Z -0.055289 0.756871 -0.651221

PART 36
OFFSET -1.657038 -7.440238 50.713501
SCALE 1.000000 1.000000 1.000000
X -0.834143 0.275146 0.478018
Y 0.542016 0.569369 0.618092
Z -0.102103 0.774670 -0.624069

PART 37
OFFSET -1.657038 -7.440238 50.713501
SCALE 1.000000 1.000000 1.000000
X -0.834143 0.275146 0.478018
Y 0.542016 0.569369 0.618092
Z -0.102103 0.774670 -0.624069

PART 38
OFFSET 7.552230 -10.478480 45.435925
SCALE 1.000000 1.000000 1.000000
X -0.891541 0.351948 0.285111
Y 0.452850 0.679957 0.576703
Z 0.009106 0.643266 -0.765589

PART 39
OFFSET 11.103750 -11.073507 44.916595
SCALE 1.000000 1.000000 1.000000
X -0.968483 0.110854 0.223052
Y 0.218084 0.810021 0.544340
Z -0.120334 0.575828 -0.808667

PART 40
OFFSET 11.103750 -11.073507 44.916595
SCALE 1.000000 1.000000 1.000000
X -0.873160 0.004053 0.487417
Y 0.374669 -0.634060 0.676455
Z 0.311793 0.773274 0.552117

PART 41
OFFSET 12.660800 -11.079092 44.042957
SCALE 1.000000 1.000000 1.000000
X -0.612426 -0.303175 0.730081
Y 0.732126 -0.565896 0.379147
Z 0.298203 0.766712 0.568532

PART 42
OFFSET 13.244505 -10.792841 43.352161
SCALE 1.000000 1.000000 1.000000
X -0.119736 -0.560879 0.819193
Y 0.946963 -0.312357 -0.075451
Z 0.298200 0.766712 0.568533

PART 43
OFFSET 11.103750 -11.073507 44.916595
SCALE 1.000000 1.000000 1.000000
X -0.968483 0.110854 0.223052
Y 0.218084 0.810021 0.544340
Z -0.120334 0.575828 -0.808667

PART 44
OFFSET 10.651135 -11.709147 44.354954
SCALE 1.000000 1.000000 1.000000
X -0.755719 -0.082747 0.649648
Y 0.436592 -0.803046 0.405591
Z 0.488136 0.590144 0.643004

PART 45
OFFSET 12.202608 -11.559727 43.029255
SCALE 1.000000 1.000000 1.000000
X -0.071604 -0.651614 0.755164
Y 0.867248 -0.414660 -0.275569
Z 0.492701 0.635182 0.594802

PART 46
OFFSET 12.270546 -10.787299 42.151642
SCALE 1.000000 1.000000 1.000000
X 0.036137 -0.697870 0.715313
Y 0.869452 -0.330935 -0.366790
Z 0.492694 0.635185 0.594805

PART 47
OFFSET 7.339953 -11.584793 44.429436
SCALE 1.000000 1.000000 1.000000
X 0.760575 -0.381169 -0.525583
Y -0.643952 -0.339655 -0.685538
Z 0.082790 0.859852 -0.503787

PART 48
OFFSET 9.324418 -12.421095 43.003651
SCALE 1.000000 1.000000 1.000000
X -0.619135 -0.233655 0.749720
Y 0.515622 -0.841033 0.163699
Z 0.592290 0.487924 0.641190

PART 49
OFFSET 10.129733 -12.103251 42.023705
SCALE 1.000000 1.000000 1.000000
X -0.095330 -0.704738 0.703036
Y 0.826642 -0.449521 -0.338520
Z 0.554597 0.548887 0.625417

PART 50
OFFSET 10.193249 -11.562858 41.494965
SCALE 1.000000 1.000000 1.000000
X 0.433673 -0.832110 0.345719
Y 0.710179 0.079495 -0.699521
Z 0.554595 0.548885 0.625420

PART 51
OFFSET 7.769106 -11.122758 44.888180
SCALE 1.000000 1.000000 1.000000
X 0.818662 -0.349885 -0.455385
Y -0.572446 -0.433893 -0.695733
Z 0.045842 0.830254 -0.555504

PART 52
OFFSET 10.032767 -12.080416 43.614326
SCALE 1.000000 1.000000 1.000000
X -0.691979 -0.092862 0.715926
Y 0.411056 -0.865917 0.284995
Z 0.593466 0.491496 0.637363

PART 53
OFFSET 11.164960 -11.936854 42.438034
SCALE 1.000000 1.000000 1.000000
X -0.259274 -0.659422 0.705655
Y 0.767086 -0.584531 -0.264392
Z 0.586821 0.472748 0.657382

PART 54
OFFSET 11.424148 -11.219755 41.690548
SCALE 1.000000 1.000000 1.000000
X 0.236713 -0.844158 0.481008
Y 0.783559 -0.126851 -0.608235
Z 0.574461 0.520874 0.631416

PART 55
OFFSET 8.478533 -10.251710 45.418396
SCALE 1.000000 1.000000 1.000000
X -0.608544 -0.779748 0.147203
Y -0.214069 0.339947 0.915757
Z -0.764100 0.525766 -0.373792

PART 56
OFFSET 9.856365 -8.484343 45.087803
SCALE 1.000000 1.000000 1.000000
X -0.647788 -0.541112 0.536254
Y 0.078567 0.652705 0.753527
Z -0.757758 0.530258 -0.380301

PART 57
OFFSET 10.676235 -7.799448 44.408436
SCALE 1.000000 1.000000 1.000000
X -0.609568 -0.367229 0.702545
Y 0.232876 0.764177 0.601501
Z -0.757757 0.530261 -0.380299

PART 58
OFFSET 5.132273 -9.680312 46.822910
SCALE 1.000000 1.000000 1.000000
X -0.834143 0.275146 0.478018
Y 0.542016 0.569369 0.618092
Z -0.102103 0.774670 -0.624068

PART 59
OFFSET 3.781893 -9.234787 47.596745
SCALE 1.000000 1.000000 1.000000
X -0.834142 0.275146 0.478018
Y 0.542017 0.569369 0.618092
Z -0.102103 0.774670 -0.624068

PART 60
OFFSET 2.431276 -8.789179 48.370705
SCALE 1.000000 1.000000 1.000000
X -0.834143 0.275146 0.478017
Y 0.542016 0.569369 0.618092
Z -0.102103 0.774670 -0.624068

PART 61
OFFSET 1.409197 -8.451945 48.956406
SCALE 1.000000 1.000000 1.000000
X -0.834143 0.275146 0.478018
Y 0.542016 0.569369 0.618092
Z -0.102103 0.774670 -0.624069

PART 62
OFFSET 0.387120 -8.114707 49.542107
SCALE 1.000000 1.000000 1.000000
X -0.834143 0.275146 0.478018
Y 0.542016 0.569369 0.618092
Z -0.102103 0.774670 -0.624068

PART 63
OFFSET -0.634958 -7.777473 50.127804
SCALE 1.000000 1.000000 1.000000
X -0.834143 0.275146 0.478018
Y 0.542016 0.569369 0.618092
Z -0.102103 0.774670 -0.624069

PART 64
OFFSET 6.482652 -10.125839 46.049084
SCALE 1.000000 1.000000 1.000000
X -0.834143 0.275146 0.478017
Y 0.542015 0.569369 0.618093
Z -0.102103 0.774670 -0.624068

PART 65
OFFSET 6.482651 -10.125839 46.049084
SCALE 1.000000 1.000000 1.000000
X -0.834143 0.275146 0.478017
Y 0.542016 0.569369 0.618093
Z -0.102102 0.774670 -0.624068

PART 66
OFFSET 6.482651 -10.125839 46.049084
SCALE 1.000000 1.000000 1.000000
X -0.834143 0.275146 0.478017
Y 0.542016 0.569369 0.618093
Z -0.102102 0.774670 -0.624068

PART 67
OFFSET 10.254662 7.832740 54.589348
SCALE 1.000000 1.000000 1.000000
X 0.999959 0.005188 -0.007423
Y -0.004942 0.999446 0.032911
Z 0.007589 -0.032873 0.999431

PART 68
OFFSET 10.254662 7.832740 54.589348
SCALE 1.000000 1.000000 1.000000
X 0.999959 0.005188 -0.007423
Y -0.004942 0.999446 0.032911
Z 0.007589 -0.032873 0.999431

PART 69
OFFSET 10.254662 7.832740 54.589348
SCALE 1.000000 1.000000 1.000000
X 0.999959 0.005188 -0.007423
Y -0.004942 0.999446 0.032911
Z 0.007589 -0.032873 0.999431

PART 70
OFFSET 10.195776 7.683831 59.102600
SCALE 1.000000 1.000000 1.000000
X 0.004942 -0.999446 -0.032911
Y 0.999959 0.005188 -0.007423
Z 0.007589 -0.032873 0.999431

PART 71
OFFSET 14.234177 7.754978 57.548359
SCALE 1.000000 1.000000 1.000000
X 0.008401 -0.837557 0.546285
Y 0.999959 0.005188 -0.007423
Z 0.003382 0.546325 0.837566

PART 72
OFFSET 11.960248 7.724248 58.140141
SCALE 1.000000 1.000000 1.000000
X 0.999959 0.005188 -0.007423
Y -0.004942 0.999446 0.032911
Z 0.007589 -0.032873 0.999431

PART 73
OFFSET 11.960248 7.724248 58.140141
SCALE 1.000000 1.000000 1.000000
X 0.999959 0.005188 -0.007423
Y -0.004942 0.999446 0.032911
Z 0.007589 -0.032873 0.999431

PART 74
OFFSET 11.960986 7.721049 58.237392
SCALE 1.000000 1.000000 1.000000
X 0.999959 0.005188 -0.007423
Y -0.004942 0.999446 0.032911
Z 0.007589 -0.032873 0.999431

PART 75
OFFSET 11.968832 7.687068 59.270519
SCALE 1.000000 1.000000 1.000000
X 0.999959 0.005188 -0.007423
Y -0.004942 0.999446 0.032911
Z 0.007589 -0.032873 0.999431

PART 76
OFFSET 11.960248 7.724248 58.140141
SCALE 1.000000 1.000000 1.000000
X 0.999959 0.005188 -0.007423
Y -0.004942 0.999446 0.032911
Z 0.007589 -0.032873 0.999431

PART 77
OFFSET 11.968832 7.687068 59.270519
SCALE 1.000000 1.000000 1.000000
X 0.999959 0.005188 -0.007423
Y -0.004942 0.999446 0.032911
Z 0.007589 -0.032873 0.999431

PART 78
OFFSET 46.239861 7.870488 58.846111
SCALE 1.000000 1.000000 1.000000
X 0.999959 0.005188 -0.007423
Y -0.004942 0.999446 0.032911
Z 0.007589 -0.032873 0.999431

PART 79
OFFSET 14.873936 8.191904 58.941647
SCALE 1.000000 1.000000 1.000000
X 0.999959 0.005188 -0.007423
Y -0.004942 0.999446 0.032911
Z 0.007589 -0.032873 0.999431

PART 80
OFFSET -0.106364 -0.000001 59.999996
SCALE 1.000000 1.000000 1.000000
X 1.000000 0.000000 0.000000
Y 0.000000 1.000000 0.000000
Z 0.000000 0.000000 1.000000

PART 81
OFFSET -0.106364 -0.000001 59.999996
SCALE 1.000000 1.000000 1.000000
X 1.000000 0.000000 0.000000
Y 0.000000 1.000000 0.000000
Z 0.000000 0.000000 1.000000

PART 82
OFFSET -4.738254 -0.000001 58.623222
SCALE 1.000000 1.000000 1.000000
X 1.000000 0.000000 0.000000
Y 0.000000 1.000000 0.000000
Z 0.000000 0.000000 1.000000

PART 83
OFFSET 1.434187 -0.000001 64.135818
SCALE 1.000000 1.000000 1.000000
X 1.000000 0.000000 0.000000
Y 0.000000 1.000000 0.000000
Z 0.000000 0.000000 1.000000

PART 84
OFFSET 1.434187 -0.000001 64.135818
SCALE 1.000000 1.000000 1.000000
X 1.000000 0.000000 0.000000
Y 0.000000 1.000000 0.000000
Z 0.000000 0.000000 1.000000

FRAME 2
PART 0
OFFSET -0.106364 -0.000001 59.999996
SCALE 1.000000 1.000000 1.000000
X 1.000000 0.000000 0.000000
Y 0.000000 1.000000 0.000000
Z 0.000000 0.000000 1.000000

PART 1
OFFSET -1.808262 6.215528 61.915924
SCALE 1.000000 1.000000 1.000000
X 0.999775 0.013904 -0.016000
Y -0.012435 0.995997 0.088516
Z 0.017167 -0.088297 0.995946

PART 2
OFFSET -2.840119 6.863976 54.474510
SCALE 1.000000 1.000000 1.000000
X 0.999775 0.013904 -0.016000
Y -0.012435 0.995997 0.088516
Z 0.017167 -0.088297 0.995946

PART 3
OFFSET -2.702351 14.111451 60.227524
SCALE 1.000000 1.000000 1.000000
X 0.158483 0.724055 -0.671287
Y -0.986146 0.149800 -0.071242
Z 0.048976 0.673278 0.737765

PART 4
OFFSET -0.886953 22.460403 52.484348
SCALE 1.000000 1.000000 1.000000
X 0.824447 0.346100 -0.447774
Y -0.557768 0.630874 -0.539345
Z 0.095822 0.694416 0.713166

PART 5
OFFSET -0.886953 22.460403 52.484348
SCALE 1.000000 1.000000 1.000000
X 0.824448 0.346099 -0.447774
Y -0.557767 0.630875 -0.539345
Z 0.095822 0.694415 0.713166

PART 6
OFFSET 8.215893 26.281155 47.540413
SCALE 1.000000 1.000000 1.000000
X 0.882572 0.399805 -0.247431
Y -0.470031 0.737138 -0.485488
Z -0.011710 0.544778 0.838499

PART 7
OFFSET 11.779078 27.010071 47.080120
SCALE 1.000000 1.000000 1.000000
X 0.882572 0.399806 -0.247431
Y -0.470032 0.737138 -0.485487
Z -0.011710 0.544778 0.838499

PART 8
OFFSET 11.779078 27.010071 47.080120
SCALE 1.000000 1.000000 1.000000
X 0.875915 0.082046 -0.475439
Y -0.352196 -0.564766 -0.746323
Z -0.329744 0.821163 -0.465790

PART 9
OFFSET 13.335192 27.160957 46.226170
SCALE 1.000000 1.000000 1.000000
X 0.591683 -0.213313 -0.777438
Y -0.737931 -0.531609 -0.415752
Z -0.324607 0.819689 -0.471954

PART 10
OFFSET 13.898086 26.957689 45.487133
SCALE 1.000000 1.000000 1.000000
X 0.147684 -0.448966 -0.881260
Y -0.934256 -0.355749 0.024674
Z -0.324585 0.819678 -0.471987

PART 11
OFFSET 11.779078 27.010071 47.080120
SCALE 1.000000 1.000000 1.000000
X 0.882572 0.399806 -0.247431
Y -0.470031 0.737138 -0.485487
Z -0.011710 0.544778 0.838499

PART 12
OFFSET 11.304029 27.691685 46.597557
SCALE 1.000000 1.000000 1.000000
X 0.783013 0.019073 -0.621714
Y -0.397035 -0.754089 -0.523176
Z -0.478806 0.656495 -0.582888

PART 13
OFFSET 12.915744 27.746311 45.329819
SCALE 1.000000 1.000000 1.000000
X 0.015431 -0.543626 -0.839186
Y -0.873544 -0.415691 0.253223
Z -0.486500 0.729158 -0.481296

PART 14
OFFSET 12.949570 27.110420 44.353191
SCALE 1.000000 1.000000 1.000000
X -0.092530 -0.590786 -0.801505
Y -0.868768 -0.345396 0.354885
Z -0.486498 0.729159 -0.481297

PART 15
OFFSET 7.997890 27.498676 46.681820
SCALE 1.000000 1.000000 1.000000
X 0.755399 0.403628 -0.516194
Y -0.196860 -0.611581 -0.766299
Z -0.624994 0.680480 -0.382530

PART 16
OFFSET 9.953452 28.536983 45.352612
SCALE 1.000000 1.000000 1.000000
X 0.662850 -0.193240 -0.723387
Y -0.562970 -0.765592 -0.311344
Z -0.493655 0.613619 -0.616260

PART 17
OFFSET 10.799788 28.300056 44.399479
SCALE 1.000000 1.000000 1.000000
X 0.101223 -0.531895 -0.840738
Y -0.858347 -0.473949 0.196501
Z -0.502985 0.701755 -0.504525

PART 18
OFFSET 10.877425 27.897018 43.765343
SCALE 1.000000 1.000000 1.000000
X -0.564422 -0.708796 -0.423127
Y -0.654551 0.071958 0.752586
Z -0.502982 0.701734 -0.504557

PART 19
OFFSET 8.439220 26.989595 47.079857
SCALE 1.000000 1.000000 1.000000
X 0.802355 0.414227 -0.429701
Y -0.130080 -0.581281 -0.803238
Z -0.582500 0.700377 -0.412511

PART 20
OFFSET 10.668170 28.136372 45.909973
SCALE 1.000000 1.000000 1.000000
X 0.679617 -0.001274 -0.733566
Y -0.442987 -0.797786 -0.409023
Z -0.584708 0.602939 -0.542753

PART 21
OFFSET 11.786835 28.129164 44.710270
SCALE 1.000000 1.000000 1.000000
X 0.264493 -0.563494 -0.782635
Y -0.775399 -0.606786 0.174836
Z -0.573410 0.560612 -0.597424

PART 22
OFFSET 12.069298 27.530605 43.866322
SCALE 1.000000 1.000000 1.000000
X -0.208700 -0.805129 -0.555168
Y -0.792237 -0.193657 0.578669
Z -0.573416 0.560593 -0.597436

PART 23
OFFSET 9.145637 26.074810 47.487431
SCALE 1.000000 1.000000 1.000000
X 0.619752 -0.745090 -0.246470
Y 0.198810 0.452868 -0.869129
Z 0.759198 0.489644 0.428797

PART 24
OFFSET 10.550209 24.388338 46.926342
SCALE 1.000000 1.000000 1.000000
X 0.650981 -0.460130 -0.603742
Y -0.097201 0.738271 -0.667464
Z 0.752845 0.493190 0.435875

PART 25
OFFSET 11.374525 23.805847 46.162582
SCALE 1.000000 1.000000 1.000000
X 0.608153 -0.267935 -0.747235
Y -0.251745 0.827631 -0.501650
Z 0.752844 0.493192 0.435874

PART 26
OFFSET 5.176016 25.005571 49.190662
SCALE 1.000000 1.000000 1.000000
X 0.824447 0.346100 -0.447774
Y -0.557768 0.630874 -0.539345
Z 0.095822 0.694416 0.713165

PART 27
OFFSET 4.165523 24.581377 49.739613
SCALE 1.000000 1.000000 1.000000
X 0.824447 0.346100 -0.447774
Y -0.557768 0.630874 -0.539345
Z 0.095822 0.694416 0.713165

PART 28
OFFSET 3.155028 24.157181 50.288559
SCALE 1.000000 1.000000 1.000000
X 0.824447 0.346100 -0.447774
Y -0.557768 0.630874 -0.539345
Z 0.095822 0.694416 0.713165

PART 29
OFFSET 2.144532 23.732986 50.837509
SCALE 1.000000 1.000000 1.000000
X 0.824447 0.346100 -0.447774
Y -0.557768 0.630874 -0.539345
Z 0.095822 0.694416 0.713165

PART 30
OFFSET 1.134037 23.308790 51.386459
SCALE 1.000000 1.000000 1.000000
X 0.824448 0.346099 -0.447774
Y -0.557767 0.630874 -0.539345
Z 0.095822 0.694416 0.713165

PART 31
OFFSET 0.123544 22.884598 51.935406
SCALE 1.000000 1.000000 1.000000
X 0.824448 0.346099 -0.447774
Y -0.557767 0.630875 -0.539345
Z 0.095822 0.694415 0.713166

PART 32
OFFSET 7.158230 25.837690 48.113949
SCALE 1.000000 1.000000 1.000000
X 0.824448 0.346099 -0.447774
Y -0.557767 0.630874 -0.539345
Z 0.095822 0.694416 0.713166

PART 33
OFFSET 7.158231 25.837690 48.113949
SCALE 1.000000 1.000000 1.000000
X 0.824448 0.346099 -0.447774
Y -0.557767 0.630874 -0.539345
Z 0.095822 0.694416 0.713165

PART 34
OFFSET 7.158231 25.837690 48.113949
SCALE 1.000000 1.000000 1.000000
X 0.824448 0.346099 -0.447774
Y -0.557767 0.630874 -0.539345
Z 0.095822 0.694416 0.713165

PART 35
OFFSET -2.510123 -1.278590 58.859592
SCALE 1.000000 1.000000 1.000000
X -0.174890 0.590178 0.788101
Y 0.982288 0.159272 0.098709
Z -0.067266 0.791405 -0.607580

PART 36
OFFSET -0.481131 -8.083754 49.774982
SCALE 1.000000 1.000000 1.000000
X -0.831770 0.241215 0.499975
Y 0.543297 0.538627 0.643979
Z -0.113963 0.807277 -0.579065

PART 37
OFFSET -0.481131 -8.083754 49.774982
SCALE 1.000000 1.000000 1.000000
X -0.831770 0.241214 0.499974
Y 0.543297 0.538627 0.643980
Z -0.113963 0.807277 -0.579065

PART 38
OFFSET 8.701944 -10.747374 44.254963
SCALE 1.000000 1.000000 1.000000
X -0.891562 0.328138 0.312157
Y 0.452888 0.650599 0.609601
Z -0.003056 0.684870 -0.728659

PART 39
OFFSET 12.253002 -11.283083 43.671818
SCALE 1.000000 1.000000 1.000000
X -0.967196 0.090234 0.237465
Y 0.216823 0.780304 0.586612
Z -0.132362 0.618856 -0.774272

PART 40
OFFSET 12.253002 -11.283083 43.671818
SCALE 1.000000 1.000000 1.000000
X -0.868581 -0.030297 0.494620
Y 0.385899 -0.667535 0.636772
Z 0.310884 0.743962 0.591500

PART 41
OFFSET 13.801831 -11.227169 42.785431
SCALE 1.000000 1.000000 1.000000
X -0.603205 -0.348357 0.717489
Y 0.740025 -0.579987 0.340555
Z 0.297499 0.736385 0.607644

PART 42
OFFSET 14.376816 -10.898130 42.106480
SCALE 1.000000 1.000000 1.000000
X -0.107709 -0.606512 0.787745
Y 0.948628 -0.299800 -0.101120
Z 0.297497 0.736385 0.607645

PART 43
OFFSET 12.253002 -11.283083 43.671818
SCALE 1.000000 1.000000 1.000000
X -0.967196 0.090234 0.237465
Y 0.216823 0.780304 0.586612
Z -0.132362 0.618856 -0.774272

PART 44
OFFSET 11.800143 -11.890269 43.079716
SCALE 1.000000 1.000000 1.000000
X -0.748958 -0.124999 0.650721
Y 0.446611 -0.820688 0.356386
Z 0.489491 0.557537 0.670486

PART 45
OFFSET 13.337970 -11.654519 41.750664
SCALE 1.000000 1.000000 1.000000
X -0.059469 -0.693145 0.718341
Y 0.867850 -0.391483 -0.305905
Z 0.493255 0.605220 0.624827

PART 46
OFFSET 13.391688 -10.833978 40.916824
SCALE 1.000000 1.000000 1.000000
X 0.048253 -0.736217 0.675023
Y 0.868550 -0.302803 -0.392341
Z 0.493247 0.605223 0.624830

PART 47
OFFSET 8.488931 -11.797771 43.190399
SCALE 1.000000 1.000000 1.000000
X 0.758591 -0.345038 -0.552711
Y -0.647647 -0.306374 -0.697631
Z 0.071374 0.887178 -0.455876

PART 48
OFFSET 10.466477 -12.537026 41.702724
SCALE 1.000000 1.000000 1.000000
X -0.610273 -0.280095 0.741024
Y 0.523675 -0.844516 0.112063
Z 0.594418 0.456444 0.662062

PART 49
OFFSET 11.260112 -12.158535 40.734871
SCALE 1.000000 1.000000 1.000000
X -0.083265 -0.743485 0.663551
Y 0.826932 -0.423128 -0.370335
Z 0.556105 0.517875 0.650042

PART 50
OFFSET 11.314473 -11.589085 40.236477
SCALE 1.000000 1.000000 1.000000
X 0.443361 -0.846403 0.295017
Y 0.702981 0.124145 -0.700291
Z 0.556103 0.517873 0.650045

PART 51
OFFSET 8.918724 -11.358392 43.670311
SCALE 1.000000 1.000000 1.000000
X 0.817085 -0.317221 -0.481400
Y -0.575506 -0.399303 -0.713688
Z 0.034178 0.860193 -0.508829

PART 52
