// Exported using Blender v3.6.9
// Export filename: 'C:/Program Files (x86)/Steam/steamapps/common/Call of Duty Black Ops III/xanim_export/t7_ba/weapons/wakamo/am_s2_type38_ads_up.XANIM_EXPORT'
// Source filename: 'C:/Users/hash/Documents/bo3_models/lmao/odio_mi_vida.blend'
// Export time: Mon Nov 04 00:04:29 2024

ANIMATION
VERSION 3

NUMPARTS 85
PART 0 "tag_view"
PART 1 "tag_ads"
PART 2 "tag_torso"
PART 3 "j_shoulder_le"
PART 4 "j_elbow_le"
PART 5 "j_elbow_bulge_le"
PART 6 "j_wrist_le"
PART 7 "j_indexbase_le"
PART 8 "j_index_le_1"
PART 9 "j_index_le_2"
PART 10 "j_index_le_3"
PART 11 "j_indexretract_le"
PART 12 "j_mid_le_1"
PART 13 "j_mid_le_2"
PART 14 "j_mid_le_3"
PART 15 "j_pinkybase_le"
PART 16 "j_pinky_le_1"
PART 17 "j_pinky_le_2"
PART 18 "j_pinky_le_3"
PART 19 "j_ringbase_le"
PART 20 "j_ring_le_1"
PART 21 "j_ring_le_2"
PART 22 "j_ring_le_3"
PART 23 "j_thumb_le_1"
PART 24 "j_thumb_le_2"
PART 25 "j_thumb_le_3"
PART 26 "j_wristtwist1_le"
PART 27 "j_wristtwist2_le"
PART 28 "j_wristtwist3_le"
PART 29 "j_wristtwist4_le"
PART 30 "j_wristtwist5_le"
PART 31 "j_wristtwist6_le"
PART 32 "j_wristtwist_le"
PART 33 "j_wristcrease2_le"
PART 34 "j_wristcrease_le"
PART 35 "j_shoulder_ri"
PART 36 "j_elbow_ri"
PART 37 "j_elbow_bulge_ri"
PART 38 "j_wrist_ri"
PART 39 "j_indexbase_ri"
PART 40 "j_index_ri_1"
PART 41 "j_index_ri_2"
PART 42 "j_index_ri_3"
PART 43 "j_indexretract_ri"
PART 44 "j_mid_ri_1"
PART 45 "j_mid_ri_2"
PART 46 "j_mid_ri_3"
PART 47 "j_pinkybase_ri"
PART 48 "j_pinky_ri_1"
PART 49 "j_pinky_ri_2"
PART 50 "j_pinky_ri_3"
PART 51 "j_ringbase_ri"
PART 52 "j_ring_ri_1"
PART 53 "j_ring_ri_2"
PART 54 "j_ring_ri_3"
PART 55 "j_thumb_ri_1"
PART 56 "j_thumb_ri_2"
PART 57 "j_thumb_ri_3"
PART 58 "j_wristtwist1_ri"
PART 59 "j_wristtwist2_ri"
PART 60 "j_wristtwist3_ri"
PART 61 "j_wristtwist4_ri"
PART 62 "j_wristtwist5_ri"
PART 63 "j_wristtwist6_ri"
PART 64 "j_wristtwist_ri"
PART 65 "j_wristcrease2_ri"
PART 66 "j_wristcrease_ri"
PART 67 "tag_weapon_left"
PART 68 "tag_weapon_right"
PART 69 "tag_weapon"
PART 70 "bolt"
PART 71 "tag_brass"
PART 72 "tag_clip"
PART 73 "tag_clip_base"
PART 74 "stripper"
PART 75 "tag_clip_bullet"
PART 76 "tag_clip_extmag"
PART 77 "tag_clip_extmag_bullet"
PART 78 "tag_flash"
PART 79 "tag_scope_ads_off"
PART 80 "tag_cambone"
PART 81 "tag_camera"
PART 82 "tag_fill_light"
PART 83 "tag_flashlight"
PART 84 "tag_gasmask"

FRAMERATE 30
NUMFRAMES 11
FRAME 0
PART 0
OFFSET -0.106364 -0.000001 59.999996
SCALE 1.000000 1.000000 1.000000
X 1.000000 0.000000 0.000000
Y 0.000000 1.000000 0.000000
Z 0.000000 0.000000 1.000000

PART 1
OFFSET -0.106364 -0.000001 59.996628
SCALE 1.000000 1.000000 1.000000
X 1.000000 0.000000 0.000000
Y 0.000000 1.000000 0.000000
Z 0.000000 0.000000 1.000000

PART 2
OFFSET -1.009907 -0.000001 52.510410
SCALE 1.000000 1.000000 1.000000
X 1.000000 0.000000 0.000000
Y 0.000000 1.000000 0.000000
Z 0.000000 0.000000 1.000000

PART 3
OFFSET -0.863451 7.725983 57.602535
SCALE 1.000000 1.000000 1.000000
X 0.179255 0.659767 -0.729778
Y -0.982702 0.155157 -0.101109
Z 0.046522 0.735278 0.676167

PART 4
OFFSET 1.191519 15.333548 49.184727
SCALE 1.000000 1.000000 1.000000
X 0.836239 0.294827 -0.462365
Y -0.540241 0.587544 -0.602438
Z 0.094045 0.753571 0.650605

PART 5
OFFSET 1.191518 15.333547 49.184727
SCALE 1.000000 1.000000 1.000000
X 0.836239 0.294827 -0.462365
Y -0.540240 0.587545 -0.602438
Z 0.094045 0.753571 0.650605

PART 6
OFFSET 10.424548 18.588196 44.079742
SCALE 1.000000 1.000000 1.000000
X 0.891892 0.365329 -0.266578
Y -0.451908 0.697059 -0.556676
Z -0.017549 0.616963 0.786796

PART 7
OFFSET 14.004433 19.229143 43.618126
SCALE 1.000000 1.000000 1.000000
X 0.891892 0.365329 -0.266578
Y -0.451909 0.697059 -0.556675
Z -0.017549 0.616963 0.786796

PART 8
OFFSET 14.004433 19.229143 43.618126
SCALE 1.000000 1.000000 1.000000
X 0.884466 0.028742 -0.465719
Y -0.348028 -0.624187 -0.699476
Z -0.310800 0.780746 -0.542069

PART 9
OFFSET 15.575958 19.284487 42.781029
SCALE 1.000000 1.000000 1.000000
X 0.601023 -0.288632 -0.745294
Y -0.738504 -0.557105 -0.379796
Z -0.305586 0.778669 -0.547989

PART 10
OFFSET 16.147724 19.009617 42.072598
SCALE 1.000000 1.000000 1.000000
X 0.155509 -0.527010 -0.835510
Y -0.939387 -0.340524 0.039947
Z -0.305563 0.778655 -0.548021

PART 11
OFFSET 14.004433 19.229143 43.618126
SCALE 1.000000 1.000000 1.000000
X 0.891892 0.365329 -0.266578
Y -0.451909 0.697059 -0.556675
Z -0.017549 0.616963 0.786796

PART 12
OFFSET 13.546689 19.871222 43.069180
SCALE 1.000000 1.000000 1.000000
X 0.793049 -0.045771 -0.607435
Y -0.399059 -0.792443 -0.461288
Z -0.460244 0.608227 -0.646712

PART 13
OFFSET 15.179085 19.793373 41.829426
SCALE 1.000000 1.000000 1.000000
X 0.021296 -0.615923 -0.787518
Y -0.883179 -0.380750 0.273904
Z -0.468552 0.689687 -0.552079

PART 14
OFFSET 15.219688 19.073160 40.913486
SCALE 1.000000 1.000000 1.000000
X -0.087899 -0.658216 -0.747680
Y -0.879054 -0.301797 0.369030
Z -0.468549 0.689688 -0.552080

PART 15
OFFSET 10.237261 19.727556 43.113384
SCALE 1.000000 1.000000 1.000000
X 0.769101 0.346928 -0.536773
Y -0.193058 -0.674515 -0.712572
Z -0.609272 0.651668 -0.451793

PART 16
OFFSET 12.228087 20.619734 41.731457
SCALE 1.000000 1.000000 1.000000
X 0.671589 -0.264740 -0.692012
Y -0.568506 -0.783085 -0.252147
Z -0.475152 0.562752 -0.676417

PART 17
OFFSET 13.086189 20.288864 40.817638
SCALE 1.000000 1.000000 1.000000
X 0.107257 -0.605443 -0.788628
Y -0.867888 -0.443985 0.222817
Z -0.485042 0.660542 -0.573078

PART 18
OFFSET 13.168352 19.830343 40.222992
SCALE 1.000000 1.000000 1.000000
X -0.567380 -0.736393 -0.368517
Y -0.665445 0.146425 0.731944
Z -0.485039 0.660519 -0.573107

PART 19
OFFSET 10.665045 19.250257 43.562336
SCALE 1.000000 1.000000 1.000000
X 0.814809 0.364556 -0.450760
Y -0.125280 -0.648436 -0.750889
Z -0.566031 0.668303 -0.482680

PART 20
OFFSET 12.928157 20.261173 42.334202
SCALE 1.000000 1.000000 1.000000
X 0.691184 -0.074652 -0.718813
Y -0.447436 -0.825289 -0.344528
Z -0.567509 0.559755 -0.603828

PART 21
OFFSET 14.065665 20.133890 41.159203
SCALE 1.000000 1.000000 1.000000
X 0.269122 -0.633803 -0.725167
Y -0.786459 -0.579239 0.214393
Z -0.555928 0.512616 -0.654346

PART 22
OFFSET 14.353247 19.459513 40.376373
SCALE 1.000000 1.000000 1.000000
X -0.210965 -0.848452 -0.485410
Y -0.804010 -0.131809 0.579822
Z -0.555933 0.512596 -0.654357

PART 23
OFFSET 11.352061 18.366426 44.061157
SCALE 1.000000 1.000000 1.000000
X 0.613197 -0.771631 -0.169043
Y 0.218969 0.371651 -0.902180
Z 0.758975 0.516199 0.396858

PART 24
OFFSET 12.741847 16.619574 43.675365
SCALE 1.000000 1.000000 1.000000
X 0.654097 -0.519823 -0.549491
Y -0.076234 0.677444 -0.731614
Z 0.752559 0.520436 0.403485

PART 25
OFFSET 13.570100 15.961560 42.980286
SCALE 1.000000 1.000000 1.000000
X 0.616247 -0.340567 -0.710108
Y -0.232154 0.783044 -0.577015
Z 0.752558 0.520438 0.403484

PART 26
OFFSET 7.341214 17.501593 45.783745
SCALE 1.000000 1.000000 1.000000
X 0.836239 0.294827 -0.462365
Y -0.540241 0.587544 -0.602438
Z 0.094045 0.753571 0.650605

PART 27
OFFSET 6.316267 17.140251 46.350578
SCALE 1.000000 1.000000 1.000000
X 0.836239 0.294827 -0.462365
Y -0.540241 0.587544 -0.602438
Z 0.094045 0.753571 0.650605

PART 28
OFFSET 5.291317 16.778910 46.917408
SCALE 1.000000 1.000000 1.000000
X 0.836239 0.294827 -0.462365
Y -0.540241 0.587544 -0.602438
Z 0.094045 0.753571 0.650605

PART 29
OFFSET 4.266366 16.417570 47.484241
SCALE 1.000000 1.000000 1.000000
X 0.836239 0.294827 -0.462365
Y -0.540241 0.587544 -0.602438
Z 0.094045 0.753571 0.650605

PART 30
OFFSET 3.241417 16.056227 48.051071
SCALE 1.000000 1.000000 1.000000
X 0.836239 0.294827 -0.462365
Y -0.540241 0.587544 -0.602439
Z 0.094045 0.753571 0.650605

PART 31
OFFSET 2.216470 15.694888 48.617901
SCALE 1.000000 1.000000 1.000000
X 0.836239 0.294827 -0.462365
Y -0.540240 0.587545 -0.602438
Z 0.094045 0.753571 0.650605

PART 32
OFFSET 9.351781 18.210424 44.671951
SCALE 1.000000 1.000000 1.000000
X 0.836239 0.294827 -0.462365
Y -0.540240 0.587544 -0.602439
Z 0.094045 0.753571 0.650605

PART 33
OFFSET 9.351782 18.210424 44.671951
SCALE 1.000000 1.000000 1.000000
X 0.836239 0.294827 -0.462365
Y -0.540241 0.587544 -0.602439
Z 0.094045 0.753571 0.650605

PART 34
OFFSET 9.351782 18.210424 44.671951
SCALE 1.000000 1.000000 1.000000
X 0.836239 0.294827 -0.462365
Y -0.540241 0.587544 -0.602439
Z 0.094045 0.753571 0.650605

PART 35
OFFSET -0.863364 -7.725928 57.602345
SCALE 1.000000 1.000000 1.000000
X -0.179254 0.659750 0.729793
Y 0.982702 0.155157 0.101109
Z -0.046526 0.735293 -0.676151

PART 36
OFFSET 1.215912 -15.333214 49.190269
SCALE 1.000000 1.000000 1.000000
X -0.836229 0.294848 0.462370
Y 0.540360 0.586717 0.603137
Z -0.093447 0.754207 -0.649954

PART 37
OFFSET 1.215912 -15.333215 49.190269
SCALE 1.000000 1.000000 1.000000
X -0.836229 0.294847 0.462370
Y 0.540360 0.586717 0.603137
Z -0.093447 0.754207 -0.649954

PART 38
OFFSET 10.448212 -18.588972 44.085464
SCALE 1.000000 1.000000 1.000000
X -0.891794 0.365542 0.266613
Y 0.452078 0.696323 0.557459
Z 0.018126 0.617668 -0.786230

PART 39
OFFSET 14.000354 -19.218311 43.612946
SCALE 1.000000 1.000000 1.000000
X -0.969524 0.122920 0.211931
Y 0.218238 0.826409 0.519057
Z -0.111339 0.549490 -0.828049

PART 40
OFFSET 14.000354 -19.218311 43.612946
SCALE 1.000000 1.000000 1.000000
X -0.876721 0.024407 0.480380
Y 0.366343 -0.613297 0.699757
Z 0.311694 0.789475 0.528750

PART 41
OFFSET 15.563795 -19.260340 42.751804
SCALE 1.000000 1.000000 1.000000
X -0.619394 -0.275953 0.734984
Y 0.726346 -0.556723 0.403090
Z 0.297948 0.783524 0.545268

PART 42
OFFSET 16.154089 -18.999866 42.056423
SCALE 1.000000 1.000000 1.000000
X -0.128722 -0.533017 0.836256
Y 0.945864 -0.319347 -0.057953
Z 0.297946 0.783525 0.545268

PART 43
OFFSET 14.000354 -19.218311 43.612946
SCALE 1.000000 1.000000 1.000000
X -0.969524 0.122920 0.211931
Y 0.218238 0.826409 0.519057
Z -0.111339 0.549490 -0.828049

PART 44
OFFSET 13.548628 -19.869846 43.069084
SCALE 1.000000 1.000000 1.000000
X -0.760939 -0.057586 0.646263
Y 0.429397 -0.791410 0.435072
Z 0.486405 0.608567 0.626942

PART 45
OFFSET 15.110653 -19.771805 41.751003
SCALE 1.000000 1.000000 1.000000
X -0.080587 -0.626046 0.775611
Y 0.867106 -0.427785 -0.255200
Z 0.491562 0.651971 0.577322

PART 46
OFFSET 15.189110 -19.029024 40.849014
SCALE 1.000000 1.000000 1.000000
X 0.027205 -0.674120 0.738121
Y 0.870422 -0.347120 -0.349104
Z 0.491554 0.651974 0.577325

PART 47
OFFSET 10.237675 -19.726748 43.114307
SCALE 1.000000 1.000000 1.000000
X 0.762467 -0.402014 -0.506982
Y -0.640599 -0.358846 -0.678869
Z 0.090988 0.842387 -0.531138

PART 48
OFFSET 12.228302 -20.619316 41.731888
SCALE 1.000000 1.000000 1.000000
X -0.625887 -0.205792 0.752275
Y 0.510022 -0.837728 0.195167
Z 0.590038 0.505829 0.629280

PART 49
OFFSET 13.042507 -20.337879 40.748161
SCALE 1.000000 1.000000 1.000000
X -0.104201 -0.680739 0.725079
Y 0.826788 -0.464498 -0.317277
Z 0.552780 0.566426 0.611226

PART 50
OFFSET 13.112749 -19.815500 40.202438
SCALE 1.000000 1.000000 1.000000
X 0.426772 -0.822414 0.376167
Y 0.715755 0.052920 -0.696346
Z 0.552778 0.566424 0.611230

PART 51
OFFSET 10.665802 -19.251991 43.560856
SCALE 1.000000 1.000000 1.000000
X 0.820194 -0.368723 -0.437411
Y -0.569509 -0.453721 -0.685418
Z 0.054272 0.811285 -0.582133

PART 52
OFFSET 12.933857 -20.262228 42.336388
SCALE 1.000000 1.000000 1.000000
X -0.697746 -0.065829 0.713320
Y 0.404431 -0.858089 0.316418
Z 0.591261 0.509267 0.625347

PART 53
OFFSET 14.075479 -20.163054 41.164639
SCALE 1.000000 1.000000 1.000000
X -0.267922 -0.634552 0.724963
Y 0.765985 -0.596699 -0.239204
Z 0.584371 0.491221 0.645921

PART 54
OFFSET 14.343925 -19.472233 40.395973
SCALE 1.000000 1.000000 1.000000
X 0.228753 -0.829030 0.510281
Y 0.787384 -0.150670 -0.597772
Z 0.572453 0.538528 0.618293

PART 55
OFFSET 11.375783 -18.367481 44.067520
SCALE 1.000000 1.000000 1.000000
X -0.613657 -0.771464 0.168133
Y -0.219093 0.370955 0.902436
Z -0.758567 0.516949 -0.396661

PART 56
OFFSET 12.765183 -16.618782 43.689472
SCALE 1.000000 1.000000 1.000000
X -0.654550 -0.519963 0.548820
Y 0.076358 0.676755 0.732238
Z -0.752153 0.521193 -0.403267

PART 57
OFFSET 13.593616 -15.960677 42.994198
SCALE 1.000000 1.000000 1.000000
X -0.616663 -0.340892 0.709591
Y 0.232366 0.782399 0.577805
Z -0.752152 0.521196 -0.403265

PART 58
OFFSET 8.022200 -17.733639 45.427059
SCALE 1.000000 1.000000 1.000000
X -0.836229 0.294848 0.462370
Y 0.540360 0.586717 0.603137
Z -0.093447 0.754207 -0.649953

PART 59
OFFSET 6.668443 -17.256222 46.175556
SCALE 1.000000 1.000000 1.000000
X -0.836229 0.294848 0.462371
Y 0.540361 0.586717 0.603137
Z -0.093447 0.754207 -0.649953

PART 60
OFFSET 5.314449 -16.778713 46.924179
SCALE 1.000000 1.000000 1.000000
X -0.836229 0.294847 0.462370
Y 0.540360 0.586717 0.603137
Z -0.093447 0.754207 -0.649953

PART 61
OFFSET 4.289814 -16.417339 47.490704
SCALE 1.000000 1.000000 1.000000
X -0.836229 0.294848 0.462370
Y 0.540360 0.586717 0.603137
Z -0.093447 0.754207 -0.649954

PART 62
OFFSET 3.265181 -16.055962 48.057228
SCALE 1.000000 1.000000 1.000000
X -0.836229 0.294847 0.462370
Y 0.540360 0.586717 0.603137
Z -0.093447 0.754207 -0.649954

PART 63
OFFSET 2.240548 -15.694589 48.623749
SCALE 1.000000 1.000000 1.000000
X -0.836229 0.294847 0.462370
Y 0.540360 0.586718 0.603137
Z -0.093447 0.754207 -0.649954

PART 64
OFFSET 9.375955 -18.211060 44.678566
SCALE 1.000000 1.000000 1.000000
X -0.836229 0.294847 0.462370
Y 0.540359 0.586717 0.603137
Z -0.093447 0.754207 -0.649954

PART 65
OFFSET 9.375954 -18.211060 44.678566
SCALE 1.000000 1.000000 1.000000
X -0.836229 0.294848 0.462370
Y 0.540360 0.586717 0.603137
Z -0.093447 0.754207 -0.649953

PART 66
OFFSET 9.375954 -18.211060 44.678566
SCALE 1.000000 1.000000 1.000000
X -0.836229 0.294848 0.462370
Y 0.540360 0.586717 0.603137
Z -0.093447 0.754207 -0.649953

PART 67
OFFSET 13.177596 0.000000 52.652241
SCALE 1.000000 1.000000 1.000000
X 1.000000 0.000000 0.000000
Y 0.000000 1.000000 0.000000
Z 0.000000 0.000000 1.000000

PART 68
OFFSET 13.177596 0.000000 52.652241
SCALE 1.000000 1.000000 1.000000
X 1.000000 0.000000 0.000000
Y 0.000000 1.000000 0.000000
Z 0.000000 0.000000 1.000000

PART 69
OFFSET 13.177596 0.000000 52.652241
SCALE 1.000000 1.000000 1.000000
X 1.000000 0.000000 0.000000
Y 0.000000 1.000000 0.000000
Z 0.000000 0.000000 1.000000

PART 70
OFFSET 13.084440 0.000000 57.167374
SCALE 1.000000 1.000000 1.000000
X 0.000000 -1.000000 0.000000
Y 1.000000 0.000000 0.000000
Z 0.000000 0.000000 1.000000

PART 71
OFFSET 17.134581 0.000000 55.642326
SCALE 1.000000 1.000000 1.000000
X 0.000000 -0.819156 0.573571
Y 1.000000 0.000000 0.000000
Z 0.000000 0.573571 0.819156

PART 72
OFFSET 14.856194 0.000000 56.217522
SCALE 1.000000 1.000000 1.000000
X 1.000000 0.000000 0.000000
Y 0.000000 1.000000 0.000000
Z 0.000000 0.000000 1.000000

PART 73
OFFSET 14.856194 0.000000 56.217522
SCALE 1.000000 1.000000 1.000000
X 1.000000 0.000000 0.000000
Y 0.000000 1.000000 0.000000
Z 0.000000 0.000000 1.000000

PART 74
OFFSET 14.856194 0.000000 56.314831
SCALE 1.000000 1.000000 1.000000
X 1.000000 0.000000 0.000000
Y 0.000000 1.000000 0.000000
Z 0.000000 0.000000 1.000000

PART 75
OFFSET 14.856194 0.000000 57.348545
SCALE 1.000000 1.000000 1.000000
X 1.000000 0.000000 0.000000
Y 0.000000 1.000000 0.000000
Z 0.000000 0.000000 1.000000

PART 76
OFFSET 14.856194 0.000000 56.217522
SCALE 1.000000 1.000000 1.000000
X 1.000000 0.000000 0.000000
Y 0.000000 1.000000 0.000000
Z 0.000000 0.000000 1.000000

PART 77
OFFSET 14.856194 0.000000 57.348545
SCALE 1.000000 1.000000 1.000000
X 1.000000 0.000000 0.000000
Y 0.000000 1.000000 0.000000
Z 0.000000 0.000000 1.000000

PART 78
OFFSET 49.129917 0.000000 57.178440
SCALE 1.000000 1.000000 1.000000
X 1.000000 0.000000 0.000000
Y 0.000000 1.000000 0.000000
Z 0.000000 0.000000 1.000000

PART 79
OFFSET 17.766239 0.479377 57.025311
SCALE 1.000000 1.000000 1.000000
X 1.000000 0.000000 0.000000
Y 0.000000 1.000000 0.000000
Z 0.000000 0.000000 1.000000

PART 80
OFFSET -0.106364 -0.000001 59.999996
SCALE 1.000000 1.000000 1.000000
X 1.000000 0.000000 0.000000
Y 0.000000 1.000000 0.000000
Z 0.000000 0.000000 1.000000

PART 81
OFFSET -0.106364 -0.000001 59.999996
SCALE 1.000000 1.000000 1.000000
X 1.000000 0.000000 0.000000
Y 0.000000 1.000000 0.000000
Z 0.000000 0.000000 1.000000

PART 82
OFFSET -4.738254 -0.000001 58.623222
SCALE 1.000000 1.000000 1.000000
X 1.000000 0.000000 0.000000
Y 0.000000 1.000000 0.000000
Z 0.000000 0.000000 1.000000

PART 83
OFFSET 1.434187 -0.000001 64.135818
SCALE 1.000000 1.000000 1.000000
X 1.000000 0.000000 0.000000
Y 0.000000 1.000000 0.000000
Z 0.000000 0.000000 1.000000

PART 84
OFFSET 1.434187 -0.000001 64.135818
SCALE 1.000000 1.000000 1.000000
X 1.000000 0.000000 0.000000
Y 0.000000 1.000000 0.000000
Z 0.000000 0.000000 1.000000

FRAME 1
PART 0
OFFSET -0.106364 -0.000001 59.999996
SCALE 1.000000 1.000000 1.000000
X 1.000000 0.000000 0.000000
Y 0.000000 1.000000 0.000000
Z 0.000000 0.000000 1.000000

PART 1
OFFSET -0.253470 0.478117 59.988567
SCALE 1.000000 1.000000 1.000000
X 0.999944 -0.009789 -0.004117
Y 0.009862 0.999787 0.018106
Z 0.003939 -0.018146 0.999828

PART 2
OFFSET -1.186450 0.622803 52.507359
SCALE 1.000000 1.000000 1.000000
X 0.999944 -0.009789 -0.004117
Y 0.009862 0.999787 0.018106
Z 0.003939 -0.018146 0.999828

PART 3
OFFSET -0.943749 8.253312 57.737888
SCALE 1.000000 1.000000 1.000000
X 0.182878 0.671114 -0.718444
Y -0.981515 0.166579 -0.094237
Z 0.056434 0.722397 0.689172

PART 4
OFFSET 1.152975 15.991889 49.450813
SCALE 1.000000 1.000000 1.000000
X 0.837278 0.294968 -0.460390
Y -0.536789 0.603639 -0.589472
Z 0.104034 0.740685 0.663750

PART 5
OFFSET 1.152975 15.991888 49.450813
SCALE 1.000000 1.000000 1.000000
X 0.837278 0.294968 -0.460390
Y -0.536788 0.603640 -0.589472
Z 0.104034 0.740684 0.663750

PART 6
OFFSET 10.397474 19.248093 44.367626
SCALE 1.000000 1.000000 1.000000
X 0.894395 0.361357 -0.263589
Y -0.447201 0.711436 -0.542098
Z -0.008364 0.602727 0.797904

PART 7
OFFSET 13.981661 19.862236 43.902954
SCALE 1.000000 1.000000 1.000000
X 0.894394 0.361358 -0.263590
Y -0.447201 0.711436 -0.542098
Z -0.008364 0.602727 0.797904

PART 8
OFFSET 13.981661 19.862236 43.902954
SCALE 1.000000 1.000000 1.000000
X 0.882865 0.028528 -0.468759
Y -0.356920 -0.607955 -0.709225
Z -0.305217 0.793459 -0.526560

PART 9
OFFSET 15.550346 19.917374 43.060532
SCALE 1.000000 1.000000 1.000000
X 0.595207 -0.280931 -0.752866
Y -0.745453 -0.542866 -0.386777
Z -0.300048 0.791438 -0.532538

PART 10
OFFSET 16.116579 19.649820 42.344891
SCALE 1.000000 1.000000 1.000000
X 0.147012 -0.513260 -0.845548
Y -0.942535 -0.331980 0.037642
Z -0.300025 0.791425 -0.532570

PART 11
OFFSET 13.981661 19.862236 43.902954
SCALE 1.000000 1.000000 1.000000
X 0.894394 0.361358 -0.263590
Y -0.447201 0.711436 -0.542098
Z -0.008364 0.602727 0.797904

PART 12
OFFSET 13.528112 20.518620 43.367615
SCALE 1.000000 1.000000 1.000000
X 0.790161 -0.042503 -0.611424
Y -0.408669 -0.779998 -0.473913
Z -0.456767 0.624338 -0.633693

PART 13
OFFSET 15.154765 20.447304 42.119946
SCALE 1.000000 1.000000 1.000000
X 0.012119 -0.601711 -0.798622
Y -0.885806 -0.376994 0.270599
Z -0.463898 0.704145 -0.537567

PART 14
OFFSET 15.184655 19.743467 41.190956
SCALE 1.000000 1.000000 1.000000
X -0.097330 -0.643649 -0.759107
Y -0.880527 -0.299824 0.367121
Z -0.463895 0.704146 -0.537568

PART 15
OFFSET 10.217628 20.406580 43.422832
SCALE 1.000000 1.000000 1.000000
X 0.770365 0.349065 -0.533565
Y -0.202506 -0.659551 -0.723867
Z -0.604590 0.665692 -0.437407

PART 16
OFFSET 12.211699 21.304155 42.049099
SCALE 1.000000 1.000000 1.000000
X 0.666214 -0.258701 -0.699451
Y -0.577190 -0.772778 -0.263941
Z -0.472239 0.579558 -0.664155

PART 17
OFFSET 13.062889 20.981537 41.125916
SCALE 1.000000 1.000000 1.000000
X 0.098174 -0.592055 -0.799896
Y -0.871341 -0.439437 0.218313
Z -0.480757 0.675549 -0.559022

PART 18
OFFSET 13.138183 20.533100 40.522732
SCALE 1.000000 1.000000 1.000000
X -0.576062 -0.723996 -0.379451
Y -0.661080 0.139626 0.737209
Z -0.480755 0.675526 -0.559052

PART 19
OFFSET 10.642449 19.917048 43.861305
SCALE 1.000000 1.000000 1.000000
X 0.816583 0.364682 -0.447436
Y -0.134626 -0.633447 -0.761985
Z -0.561309 0.682461 -0.468166

PART 20
OFFSET 12.910566 20.927879 42.642368
SCALE 1.000000 1.000000 1.000000
X 0.687577 -0.068359 -0.722886
Y -0.456907 -0.814482 -0.357569
Z -0.564335 0.576148 -0.591253

PART 21
OFFSET 14.042128 20.810810 41.460583
SCALE 1.000000 1.000000 1.000000
X 0.259999 -0.623145 -0.737625
Y -0.791283 -0.575307 0.207106
Z -0.553418 0.529823 -0.642663

PART 22
OFFSET 14.319959 20.147966 40.664494
SCALE 1.000000 1.000000 1.000000
X -0.221232 -0.837399 -0.499820
Y -0.802981 -0.134432 0.580646
Z -0.553424 0.529804 -0.642674

PART 23
OFFSET 11.322675 19.017628 44.341209
SCALE 1.000000 1.000000 1.000000
X 0.604886 -0.774402 -0.185509
Y 0.219068 0.385799 -0.896196
Z 0.765586 0.501458 0.403011

PART 24
OFFSET 12.693635 17.264542 43.918133
SCALE 1.000000 1.000000 1.000000
X 0.646769 -0.516145 -0.561501
Y -0.072430 0.691321 -0.718908
Z 0.759239 0.505637 0.409741

PART 25
OFFSET 13.512614 16.611172 43.207848
SCALE 1.000000 1.000000 1.000000
X 0.610056 -0.333642 -0.718689
Y -0.226691 0.795621 -0.561782
Z 0.759238 0.505639 0.409740

PART 26
OFFSET 7.310310 18.160984 46.064354
SCALE 1.000000 1.000000 1.000000
X 0.837278 0.294968 -0.460390
Y -0.536789 0.603639 -0.589472
Z 0.104034 0.740685 0.663750

PART 27
OFFSET 6.284090 17.799469 46.628769
SCALE 1.000000 1.000000 1.000000
X 0.837278 0.294968 -0.460390
Y -0.536789 0.603639 -0.589472
Z 0.104034 0.740685 0.663749

PART 28
OFFSET 5.257867 17.437952 47.193176
SCALE 1.000000 1.000000 1.000000
X 0.837278 0.294968 -0.460390
Y -0.536789 0.603639 -0.589472
Z 0.104034 0.740685 0.663750

PART 29
OFFSET 4.231643 17.076437 47.757591
SCALE 1.000000 1.000000 1.000000
X 0.837278 0.294968 -0.460390
Y -0.536789 0.603639 -0.589472
Z 0.104034 0.740685 0.663750

PART 30
OFFSET 3.205420 16.714918 48.321999
SCALE 1.000000 1.000000 1.000000
X 0.837278 0.294968 -0.460390
Y -0.536789 0.603639 -0.589472
Z 0.104034 0.740685 0.663750

PART 31
OFFSET 2.179200 16.353405 48.886410
SCALE 1.000000 1.000000 1.000000
X 0.837279 0.294968 -0.460390
Y -0.536788 0.603640 -0.589472
Z 0.104034 0.740684 0.663750

PART 32
OFFSET 9.323374 18.870159 44.957310
SCALE 1.000000 1.000000 1.000000
X 0.837279 0.294968 -0.460390
Y -0.536788 0.603639 -0.589473
Z 0.104034 0.740685 0.663750

PART 33
OFFSET 9.323375 18.870159 44.957310
SCALE 1.000000 1.000000 1.000000
X 0.837278 0.294968 -0.460390
Y -0.536789 0.603639 -0.589473
Z 0.104034 0.740685 0.663750

PART 34
OFFSET 9.323375 18.870159 44.957310
SCALE 1.000000 1.000000 1.000000
X 0.837278 0.294968 -0.460390
Y -0.536789 0.603639 -0.589473
Z 0.104034 0.740685 0.663750

PART 35
OFFSET -1.096054 -7.195312 57.457924
SCALE 1.000000 1.000000 1.000000
X -0.169863 0.648122 0.742350
Y 0.984575 0.143670 0.099855
Z -0.041935 0.747861 -0.662529

PART 36
OFFSET 0.874945 -14.668694 48.901001
SCALE 1.000000 1.000000 1.000000
X -0.831453 0.294581 0.471072
Y 0.548492 0.570359 0.611431
Z -0.088564 0.766755 -0.635801

PART 37
OFFSET 0.874945 -14.668694 48.901001
SCALE 1.000000 1.000000 1.000000
X -0.831453 0.294581 0.471072
Y 0.548491 0.570359 0.611431
Z -0.088564 0.766755 -0.635801

PART 38
OFFSET 10.054507 -17.921507 43.700119
SCALE 1.000000 1.000000 1.000000
X -0.887089 0.369357 0.276857
Y 0.461116 0.681633 0.568109
Z 0.021120 0.631626 -0.774985

PART 39
OFFSET 13.598381 -18.576912 43.201664
SCALE 1.000000 1.000000 1.000000
X -0.967422 0.128539 0.218112
Y 0.228420 0.814678 0.533032
Z -0.109175 0.565488 -0.817499

PART 40
OFFSET 13.598381 -18.576912 43.201664
SCALE 1.000000 1.000000 1.000000
X -0.874539 0.024267 0.484348
Y 0.363030 -0.629451 0.687024
Z 0.321546 0.776662 0.541669

PART 41
OFFSET 15.157928 -18.618610 42.333473
SCALE 1.000000 1.000000 1.000000
X -0.619185 -0.283168 0.732411
Y 0.722402 -0.571029 0.389950
Z 0.307807 0.770547 0.558134

PART 42
OFFSET 15.748018 -18.351353 41.640499
SCALE 1.000000 1.000000 1.000000
X -0.130678 -0.546818 0.826991
Y 0.942433 -0.327487 -0.067619
Z 0.307804 0.770547 0.558134

PART 43
OFFSET 13.598381 -18.576912 43.201664
SCALE 1.000000 1.000000 1.000000
X -0.967422 0.128539 0.218112
Y 0.228420 0.814678 0.533032
Z -0.109175 0.565488 -0.817499

PART 44
OFFSET 13.138113 -19.214018 42.647957
SCALE 1.000000 1.000000 1.000000
X -0.758919 -0.061852 0.648242
Y 0.423282 -0.803340 0.418900
Z 0.494849 0.592300 0.635850

PART 45
OFFSET 14.695825 -19.107370 41.325447
SCALE 1.000000 1.000000 1.000000
X -0.083702 -0.639198 0.764474
Y 0.861833 -0.431552 -0.266471
Z 0.500238 0.636545 0.587003

PART 46
OFFSET 14.778049 -18.349148 40.436741
SCALE 1.000000 1.000000 1.000000
X 0.023463 -0.687637 0.725676
Y 0.865575 -0.349232 -0.358912
Z 0.500230 0.636548 0.587007

PART 47
OFFSET 9.828936 -19.039358 42.709396
SCALE 1.000000 1.000000 1.000000
X 0.756462 -0.400193 -0.517312
Y -0.646776 -0.340180 -0.682612
Z 0.097198 0.850955 -0.516169

PART 48
OFFSET 11.805202 -19.926140 41.302860
SCALE 1.000000 1.000000 1.000000
X -0.624918 -0.213272 0.750996
Y 0.502500 -0.846084 0.177865
Z 0.597472 0.488526 0.635901

PART 49
OFFSET 12.618262 -19.634884 40.321049
SCALE 1.000000 1.000000 1.000000
X -0.108052 -0.692731 0.713057
Y 0.820911 -0.466735 -0.329036
Z 0.560742 0.549803 0.619101

PART 50
OFFSET 12.691503 -19.103401 39.784588
SCALE 1.000000 1.000000 1.000000
X 0.420119 -0.833243 0.359455
Y 0.713493 0.058537 -0.698215
Z 0.560741 0.549801 0.619104

PART 51
OFFSET 10.263480 -18.576996 43.162701
SCALE 1.000000 1.000000 1.000000
X 0.814788 -0.368737 -0.447389
Y -0.576652 -0.435612 -0.691170
Z 0.059977 0.821145 -0.567567

PART 52
OFFSET 12.516621 -19.587002 41.910812
SCALE 1.000000 1.000000 1.000000
X -0.695546 -0.071929 0.714877
Y 0.397192 -0.867608 0.299162
Z 0.598713 0.492023 0.632026

PART 53
OFFSET 13.654541 -19.477762 40.736359
SCALE 1.000000 1.000000 1.000000
X -0.271310 -0.644949 0.714452
Y 0.759114 -0.599730 -0.253120
Z 0.591726 0.473675 0.652298

PART 54
OFFSET 13.926757 -18.775768 39.979229
SCALE 1.000000 1.000000 1.000000
X 0.222574 -0.840352 0.494241
Y 0.783499 -0.147499 -0.603638
Z 0.580168 0.521590 0.625581

PART 55
OFFSET 10.984140 -17.708818 43.682369
SCALE 1.000000 1.000000 1.000000
X -0.620568 -0.768344 0.156663
Y -0.211868 0.356645 0.909899
Z -0.754988 0.531463 -0.384110

PART 56
OFFSET 12.389219 -15.967233 43.330330
SCALE 1.000000 1.000000 1.000000
X -0.657479 -0.523403 0.542006
Y 0.085912 0.662577 0.744051
Z -0.748559 0.535763 -0.390664

PART 57
OFFSET 13.221357 -15.304761 42.643681
SCALE 1.000000 1.000000 1.000000
X -0.617196 -0.347659 0.705835
Y 0.242345 0.769473 0.590915
Z -0.748558 0.535766 -0.390662

PART 58
OFFSET 7.642353 -17.066952 45.066956
SCALE 1.000000 1.000000 1.000000
X -0.831453 0.294581 0.471072
Y 0.548492 0.570358 0.611431
Z -0.088563 0.766755 -0.635801

PART 59
OFFSET 6.296329 -16.589964 45.829540
SCALE 1.000000 1.000000 1.000000
X -0.831452 0.294581 0.471072
Y 0.548492 0.570358 0.611431
Z -0.088563 0.766755 -0.635801

PART 60
OFFSET 4.950069 -16.112888 46.592255
SCALE 1.000000 1.000000 1.000000
X -0.831453 0.294581 0.471072
Y 0.548491 0.570358 0.611432
Z -0.088563 0.766755 -0.635801

PART 61
OFFSET 3.931288 -15.751841 47.169441
SCALE 1.000000 1.000000 1.000000
X -0.831453 0.294581 0.471072
Y 0.548492 0.570359 0.611431
Z -0.088564 0.766755 -0.635801

PART 62
OFFSET 2.912508 -15.390789 47.746632
SCALE 1.000000 1.000000 1.000000
X -0.831453 0.294581 0.471072
Y 0.548491 0.570359 0.611431
Z -0.088564 0.766755 -0.635801

PART 63
OFFSET 1.893728 -15.029742 48.323814
SCALE 1.000000 1.000000 1.000000
X -0.831453 0.294581 0.471072
Y 0.548491 0.570359 0.611431
Z -0.088564 0.766755 -0.635801

PART 64
OFFSET 8.988375 -17.543941 44.304375
SCALE 1.000000 1.000000 1.000000
X -0.831453 0.294581 0.471071
Y 0.548491 0.570359 0.611432
Z -0.088564 0.766755 -0.635801

PART 65
OFFSET 8.988374 -17.543941 44.304375
SCALE 1.000000 1.000000 1.000000
X -0.831453 0.294581 0.471071
Y 0.548492 0.570358 0.611432
Z -0.088563 0.766755 -0.635801

PART 66
OFFSET 8.988374 -17.543941 44.304375
SCALE 1.000000 1.000000 1.000000
X -0.831453 0.294581 0.471071
Y 0.548492 0.570358 0.611432
Z -0.088563 0.766755 -0.635801

PART 67
OFFSET 13.000812 0.481346 52.590755
SCALE 1.000000 1.000000 1.000000
X 0.999944 -0.009789 -0.004117
Y 0.009862 0.999787 0.018106
Z 0.003939 -0.018146 0.999828

PART 68
OFFSET 13.000812 0.481346 52.590755
SCALE 1.000000 1.000000 1.000000
X 0.999944 -0.009789 -0.004117
Y 0.009862 0.999787 0.018106
Z 0.003939 -0.018146 0.999828

PART 69
OFFSET 13.000812 0.481346 52.590755
SCALE 1.000000 1.000000 1.000000
X 0.999944 -0.009789 -0.004117
Y 0.009862 0.999787 0.018106
Z 0.003939 -0.018146 0.999828

PART 70
OFFSET 12.925446 0.400328 57.105492
SCALE 1.000000 1.000000 1.000000
X -0.009862 -0.999787 -0.018106
Y 0.999944 -0.009789 -0.004117
Z 0.003939 -0.018146 0.999828

PART 71
OFFSET 16.969351 0.388353 55.564034
SCALE 1.000000 1.000000 1.000000
X -0.005820 -0.829390 0.558640
Y 0.999944 -0.009789 -0.004117
Z 0.008883 0.558585 0.829400

PART 72
OFFSET 14.693357 0.400220 56.148510
SCALE 1.000000 1.000000 1.000000
X 0.999944 -0.009789 -0.004117
Y 0.009862 0.999787 0.018106
Z 0.003939 -0.018146 0.999828

PART 73
OFFSET 14.693357 0.400220 56.148510
SCALE 1.000000 1.000000 1.000000
X 0.999944 -0.009789 -0.004117
Y 0.009862 0.999787 0.018106
Z 0.003939 -0.018146 0.999828

PART 74
OFFSET 14.693741 0.398454 56.245804
SCALE 1.000000 1.000000 1.000000
X 0.999944 -0.009789 -0.004117
Y 0.009862 0.999787 0.018106
Z 0.003939 -0.018146 0.999828

PART 75
OFFSET 14.697812 0.379696 57.279339
SCALE 1.000000 1.000000 1.000000
X 0.999944 -0.009789 -0.004117
Y 0.009862 0.999787 0.018106
Z 0.003939 -0.018146 0.999828

PART 76
OFFSET 14.693357 0.400220 56.148510
SCALE 1.000000 1.000000 1.000000
X 0.999944 -0.009789 -0.004117
Y 0.009862 0.999787 0.018106
Z 0.003939 -0.018146 0.999828

PART 77
OFFSET 14.697812 0.379696 57.279339
SCALE 1.000000 1.000000 1.000000
X 0.999944 -0.009789 -0.004117
Y 0.009862 0.999787 0.018106
Z 0.003939 -0.018146 0.999828

PART 78
OFFSET 48.968937 0.047269 56.968159
SCALE 1.000000 1.000000 1.000000
X 0.999944 -0.009789 -0.004117
Y 0.009862 0.999787 0.018106
Z 0.003939 -0.018146 0.999828

PART 79
OFFSET 17.611149 0.836350 56.952858
SCALE 1.000000 1.000000 1.000000
X 0.999944 -0.009789 -0.004117
Y 0.009862 0.999787 0.018106
Z 0.003939 -0.018146 0.999828

PART 80
OFFSET -0.106364 -0.000001 59.999996
SCALE 1.000000 1.000000 1.000000
X 1.000000 0.000000 0.000000
Y 0.000000 1.000000 0.000000
Z 0.000000 0.000000 1.000000

PART 81
OFFSET -0.106364 -0.000001 59.999996
SCALE 1.000000 1.000000 1.000000
X 1.000000 0.000000 0.000000
Y 0.000000 1.000000 0.000000
Z 0.000000 0.000000 1.000000

PART 82
OFFSET -4.738254 -0.000001 58.623222
SCALE 1.000000 1.000000 1.000000
X 1.000000 0.000000 0.000000
Y 0.000000 1.000000 0.000000
Z 0.000000 0.000000 1.000000

PART 83
OFFSET 1.434187 -0.000001 64.135818
SCALE 1.000000 1.000000 1.000000
X 1.000000 0.000000 0.000000
Y 0.000000 1.000000 0.000000
Z 0.000000 0.000000 1.000000

PART 84
OFFSET 1.434187 -0.000001 64.135818
SCALE 1.000000 1.000000 1.000000
X 1.000000 0.000000 0.000000
Y 0.000000 1.000000 0.000000
Z 0.000000 0.000000 1.000000

FRAME 2
PART 0
OFFSET -0.106364 -0.000001 59.999996
SCALE 1.000000 1.000000 1.000000
X 1.000000 0.000000 0.000000
Y 0.000000 1.000000 0.000000
Z 0.000000 0.000000 1.000000

PART 1
OFFSET -0.520937 1.434352 60.020813
SCALE 1.000000 1.000000 1.000000
X 0.999491 -0.028335 -0.014665
Y 0.029012 0.998417 0.048178
Z 0.013276 -0.048579 0.998731

PART 2
OFFSET -1.523411 1.823629 52.557346
SCALE 1.000000 1.000000 1.000000
X 0.999491 -0.028335 -0.014665
Y 0.029012 0.998417 0.048178
Z 0.013276 -0.048579 0.998731

PART 3
OFFSET -1.085281 9.285864 58.013084
SCALE 1.000000 1.000000 1.000000
X 0.188616 0.689095 -0.699694
Y -0.979043 0.187668 -0.079095
Z 0.076807 0.699949 0.710051

PART 4
OFFSET 1.077591 17.232090 49.942341
SCALE 1.000000 1.000000 1.000000
X 0.838228 0.293127 -0.459837
Y -0.530919 0.631188 -0.565444
Z 0.124497 0.718108 0.684706

PART 5
OFFSET 1.077591 17.232090 49.942341
SCALE 1.000000 1.000000 1.000000
X 0.838228 0.293127 -0.459837
Y -0.530918 0.631188 -0.565444
Z 0.124497 0.718107 0.684706

PART 6
OFFSET 10.332567 20.467964 44.865238
SCALE 1.000000 1.000000 1.000000
X 0.898498 0.352429 -0.261718
Y -0.438846 0.735804 -0.515759
Z 0.010805 0.578262 0.815779

PART 7
OFFSET 13.923096 21.028885 44.382587
SCALE 1.000000 1.000000 1.000000
X 0.898497 0.352429 -0.261719
Y -0.438847 0.735803 -0.515759
Z 0.010805 0.578262 0.815780

PART 8
OFFSET 13.923096 21.028885 44.382587
SCALE 1.000000 1.000000 1.000000
X 0.878667 0.026259 -0.476714
Y -0.375246 -0.579357 -0.723557
Z -0.295187 0.814651 -0.499208

PART 9
OFFSET 15.484313 21.080276 43.526173
SCALE 1.000000 1.000000 1.000000
X 0.582449 -0.269000 -0.767068
Y -0.759333 -0.516848 -0.395324
Z -0.290115 0.812716 -0.505298

PART 10
OFFSET 16.038408 20.824055 42.797012
SCALE 1.000000 1.000000 1.000000
X 0.129048 -0.489994 -0.862121
Y -0.948258 -0.315308 0.037267
Z -0.290094 0.812703 -0.505331

PART 11
OFFSET 13.923096 21.028885 44.382587
SCALE 1.000000 1.000000 1.000000
X 0.898497 0.352429 -0.261719
Y -0.438846 0.735804 -0.515759
Z 0.010805 0.578262 0.815780

PART 12
OFFSET 13.476925 21.709585 43.871986
SCALE 1.000000 1.000000 1.000000
X 0.783253 -0.038661 -0.620500
Y -0.427970 -0.757472 -0.493029
Z -0.450950 0.651722 -0.609838

PART 13
OFFSET 15.089772 21.645832 42.606117
SCALE 1.000000 1.000000 1.000000
X -0.007039 -0.577295 -0.816505
Y -0.890140 -0.368429 0.268165
Z -0.455634 0.728691 -0.511279

PART 14
OFFSET 15.097301 20.970104 41.656048
SCALE 1.000000 1.000000 1.000000
X -0.116877 -0.618362 -0.777154
Y -0.882463 -0.294339 0.366912
Z -0.455631 0.728692 -0.511280

PART 15
OFFSET 10.165601 21.657774 43.957745
SCALE 1.000000 1.000000 1.000000
X 0.771648 0.350662 -0.530656
Y -0.221989 -0.633361 -0.741333
Z -0.596054 0.689848 -0.410888

PART 16
OFFSET 12.162951 22.559261 42.591358
SCALE 1.000000 1.000000 1.000000
X 0.654379 -0.249733 -0.713738
Y -0.594283 -0.753488 -0.281218
Z -0.467564 0.608185 -0.641479

PART 17
OFFSET 12.998885 22.248993 41.650177
SCALE 1.000000 1.000000 1.000000
X 0.079168 -0.569213 -0.818369
Y -0.877369 -0.429514 0.213871
Z -0.473240 0.701080 -0.533414

PART 18
OFFSET 13.059809 21.817757 41.032990
SCALE 1.000000 1.000000 1.000000
X -0.593348 -0.701249 -0.395207
Y -0.651141 0.129491 0.747829
Z -0.473238 0.701058 -0.533445

PART 19
OFFSET 10.585280 21.147299 44.376858
SCALE 1.000000 1.000000 1.000000
X 0.818987 0.362789 -0.444574
Y -0.153998 -0.607383 -0.779340
Z -0.552762 0.706732 -0.441569

PART 20
OFFSET 12.860264 22.152151 43.165798
SCALE 1.000000 1.000000 1.000000
X 0.679123 -0.059199 -0.731634
Y -0.475725 -0.794568 -0.377290
Z -0.558997 0.604283 -0.567772

PART 21
OFFSET 13.977901 22.049919 41.969475
SCALE 1.000000 1.000000 1.000000
X 0.240969 -0.605198 -0.758729
Y -0.800017 -0.566453 0.197747
Z -0.549460 0.559345 -0.620666

PART 22
OFFSET 14.235377 21.406490 41.150932
SCALE 1.000000 1.000000 1.000000
X -0.241917 -0.817551 -0.522577
Y -0.799727 -0.136986 0.584527
Z -0.549466 0.559326 -0.620678

PART 23
OFFSET 11.252928 20.221169 44.822392
SCALE 1.000000 1.000000 1.000000
X 0.588254 -0.779573 -0.214996
Y 0.217662 0.408686 -0.886340
Z 0.778833 0.474597 0.410094

PART 24
OFFSET 12.586205 18.456442 44.332550
SCALE 1.000000 1.000000 1.000000
X 0.631388 -0.510841 -0.583430
Y -0.066255 0.714073 -0.696930
Z 0.772632 0.478688 0.417011

PART 25
OFFSET 13.385718 17.809767 43.594505
SCALE 1.000000 1.000000 1.000000
X 0.596625 -0.322993 -0.734652
Y -0.216979 0.816414 -0.535153
Z 0.772631 0.478690 0.417010

PART 26
OFFSET 7.241902 19.387669 46.559944
SCALE 1.000000 1.000000 1.000000
X 0.838228 0.293127 -0.459838
Y -0.530919 0.631188 -0.565445
Z 0.124497 0.718108 0.684706

PART 27
OFFSET 6.214519 19.028404 47.123680
SCALE 1.000000 1.000000 1.000000
X 0.838228 0.293127 -0.459838
Y -0.530919 0.631188 -0.565445
Z 0.124497 0.718108 0.684706

PART 28
OFFSET 5.187133 18.669140 47.687412
SCALE 1.000000 1.000000 1.000000
X 0.838228 0.293127 -0.459838
Y -0.530919 0.631188 -0.565445
Z 0.124497 0.718108 0.684706

PART 29
OFFSET 4.159747 18.309879 48.251148
SCALE 1.000000 1.000000 1.000000
X 0.838228 0.293127 -0.459837
Y -0.530918 0.631188 -0.565445
Z 0.124497 0.718108 0.684706

PART 30
OFFSET 3.132361 17.950613 48.814880
SCALE 1.000000 1.000000 1.000000
X 0.838228 0.293127 -0.459837
Y -0.530918 0.631188 -0.565445
Z 0.124497 0.718108 0.684706

PART 31
OFFSET 2.104978 17.591352 49.378613
SCALE 1.000000 1.000000 1.000000
X 0.838228 0.293127 -0.459837
Y -0.530918 0.631188 -0.565444
Z 0.124497 0.718107 0.684706

PART 32
OFFSET 9.257248 20.092419 45.454227
SCALE 1.000000 1.000000 1.000000
X 0.838229 0.293126 -0.459837
Y -0.530918 0.631188 -0.565445
Z 0.124497 0.718108 0.684706

PART 33
OFFSET 9.257249 20.092419 45.454227
SCALE 1.000000 1.000000 1.000000
X 0.838228 0.293127 -0.459837
Y -0.530918 0.631188 -0.565445
Z 0.124497 0.718108 0.684706

PART 34
OFFSET 9.257249 20.092419 45.454227
SCALE 1.000000 1.000000 1.000000
X 0.838228 0.293127 -0.459837
Y -0.530918 0.631188 -0.565445
Z 0.124497 0.718108 0.684706

PART 35
OFFSET -1.533481 -6.141586 57.268448
SCALE 1.000000 1.000000 1.000000
X -0.150334 0.628333 0.763281
Y 0.988046 0.122155 0.094045
Z -0.034147 0.768295 -0.639185

PART 36
OFFSET 0.212353 -13.387096 48.470051
SCALE 1.000000 1.000000 1.000000
X -0.821110 0.295614 0.488252
Y 0.565114 0.541178 0.622714
Z -0.080148 0.787235 -0.611422

PART 37
OFFSET 0.212353 -13.387096 48.470051
SCALE 1.000000 1.000000 1.000000
X -0.821111 0.295614 0.488252
Y 0.565114 0.541178 0.622714
Z -0.080148 0.787235 -0.611422

PART 38
OFFSET 9.277723 -16.651312 43.079475
SCALE 1.000000 1.000000 1.000000
X -0.877195 0.377281 0.296964
Y 0.479451 0.655330 0.583669
Z 0.025598 0.654372 -0.755740

PART 39
OFFSET 12.803526 -17.357351 42.525143
SCALE 1.000000 1.000000 1.000000
X -0.962650 0.139901 0.231802
Y 0.248993 0.793702 0.555013
Z -0.106335 0.592001 -0.798892

PART 40
OFFSET 12.803526 -17.357351 42.525143
SCALE 1.000000 1.000000 1.000000
X -0.869189 0.025874 0.493803
Y 0.357654 -0.656701 0.663949
Z 0.341460 0.753708 0.561543

PART 41
OFFSET 14.353519 -17.401779 41.640141
SCALE 1.000000 1.000000 1.000000
X -0.617326 -0.293671 0.729840
Y 0.715176 -0.596004 0.365105
Z 0.327767 0.747353 0.577955

PART 42
OFFSET 14.941837 -17.124662 40.949535
SCALE 1.000000 1.000000 1.000000
X -0.133018 -0.569151 0.811403
Y 0.935348 -0.342828 -0.087136
Z 0.327765 0.747354 0.577956

PART 43
OFFSET 12.803526 -17.357351 42.525143
SCALE 1.000000 1.000000 1.000000
X -0.962650 0.139901 0.231802
Y 0.248993 0.793702 0.555013
Z -0.106335 0.592001 -0.798892

PART 44
OFFSET 12.325907 -17.968636 41.957207
SCALE 1.000000 1.000000 1.000000
X -0.753642 -0.067329 0.653827
Y 0.411995 -0.823460 0.390094
Z 0.512136 0.563365 0.648333

PART 45
OFFSET 13.872481 -17.850979 40.622616
SCALE 1.000000 1.000000 1.000000
X -0.088411 -0.660450 0.745647
Y 0.850866 -0.439280 -0.288202
Z 0.517891 0.608965 0.600792

PART 46
OFFSET 13.960472 -17.067780 39.756405
SCALE 1.000000 1.000000 1.000000
X 0.017434 -0.709681 0.704307
Y 0.855274 -0.354275 -0.378149
Z 0.517883 0.608968 0.600795

PART 47
OFFSET 9.021391 -17.734142 42.057823
SCALE 1.000000 1.000000 1.000000
X 0.743685 -0.398353 -0.536888
Y -0.659697 -0.307148 -0.685902
Z 0.108329 0.864278 -0.491214

PART 48
OFFSET 10.966757 -18.614546 40.604961
SCALE 1.000000 1.000000 1.000000
X -0.621552 -0.224277 0.750584
Y 0.488050 -0.860335 0.147079
Z 0.612767 0.457740 0.644199

PART 49
OFFSET 11.775652 -18.308836 39.624104
SCALE 1.000000 1.000000 1.000000
X -0.114271 -0.711933 0.692890
Y 0.808679 -0.471777 -0.351377
Z 0.577046 0.520173 0.629634

PART 50
OFFSET 11.853767 -17.762764 39.103210
SCALE 1.000000 1.000000 1.000000
X 0.407689 -0.851479 0.329809
Y 0.707680 0.066383 -0.703409
Z 0.577044 0.520171 0.629637

PART 51
OFFSET 9.469003 -17.293962 42.520397
SCALE 1.000000 1.000000 1.000000
X 0.803272 -0.370131 -0.466649
Y -0.591483 -0.403569 -0.698056
Z 0.070052 0.836743 -0.543104

PART 52
